"t" "Tt" "Vt" "dt" "Vdt"
2006 0.632 7.208 1 NA
2007 0.627 7.20712470242796 1 -0.000875297572037859
2008 0.637 7.2062400787565 1 -0.000884623671463913
2009 0.662 7.20533118162935 1 -0.000908897127148478
2010 0.697 7.20438805941419 1 -0.000943122215163683
2011 0.736 7.20340674947799 1 -0.000981309936197938
2012 0.774 7.2023882768375 1 -0.00101847264048427
2013 0.806 7.20133865049315 1 -0.0010496263443569
2014 0.834 7.20026188113367 1 -0.00107676935948042
2015 0.858 7.19916197649981 1 -0.00109990463385223
2016 0.881 7.19803995054426 1 -0.0011220259555591
2017 0.908 7.19689183173727 1 -0.00114811880698173
2018 0.936 7.19571664231062 1 -0.00117518942665207
2019 0.965 7.19451340521475 1 -0.00120323709587478
2020 1.002 7.19327416548634 1 -0.00123923972841133
2021 1.048 7.19198997706184 1 -0.00128418842450007
2022 1.096 7.1906588790853 1 -0.00133109797653841
2023 1.141 7.18928389687916 1 -0.00137498220613885
2024 1.183 7.18786805354214 1 -0.0014158433370195
2025 1.22 7.18641636384571 1 -0.00145168969642917
2026 1.254 7.18493184498047 1 -0.00148451886523926
2027 1.288 7.18341452107702 1 -0.00151732390344606
2028 1.325 7.18186142540598 1 -0.00155309567104123
2029 1.364 7.18027059036603 1 -0.00159083503995472
2030 1.405 7.1786400498021 1 -0.00163054056393008
2031 1.454 7.17696185731982 1 -0.00167819248228263
2032 1.514 7.17522508152343 1 -0.00173677579638376
2033 1.572 7.1734317593686 1 -0.0017933221548363
2034 1.629 7.1715829293663 1 -0.00184883000229163
2035 1.683 7.16968162315905 1 -0.00190130620725615
2036 1.732 7.16773286405579 1 -0.00194875910325898
2037 1.777 7.16574067472576 1 -0.00199218933002765
2038 1.824 7.16370309319689 1 -0.00203758152887534
2039 1.87 7.16162114978146 1 -0.00208194341542978
2040 1.918 7.1594928831922 1 -0.0021282665892608
2041 1.964 7.15732032137312 1 -0.0021725618190791
2042 2.019 7.15509452435602 1 -0.00222579701709691
2043 2.08 7.15280954958615 1 -0.00228497476986433
2044 2.139 7.15046743445611 1 -0.00234211513004912
2045 2.196 7.1480702148609 1 -0.00239721959520711
2046 2.242 7.14562889772587 1 -0.0024413171350286
2047 2.279 7.14315248799104 1 -0.00247640973483154
2048 2.308 7.14064898703005 1 -0.00250350096098462
2049 2.339 7.13811642086109 1 -0.00253256616896191
2050 2.377 7.13554783221618 1 -0.00256858864490717
2051 2.422 7.1329362689412 1 -0.00261156327498302
2052 2.469 7.13027976872918 1 -0.00265650021201758
2053 2.526 7.12756839513619 1 -0.0027113735929909
2054 2.588 7.12479720375902 1 -0.00277119137717374
2055 2.654 7.12196225077618 1 -0.00283495298283754
2056 2.721 7.1190625861073 1 -0.00289966466887748
2057 2.784 7.11610224510744 1 -0.00296034099986109
2058 2.846 7.11308226932327 1 -0.0030199757841709
2059 2.92 7.10999073921945 1 -0.00309153010381813
2060 2.997 7.1068247165487 1 -0.00316602267075705
2061 3.082 7.10357628048633 1 -0.00324843606236236
2062 3.171 7.10024150381946 1 -0.00333477666687454
2063 3.259 7.0968214469589 1 -0.00342005686056357
2064 3.357 7.09330620311443 1 -0.00351524384446655
2065 3.448 7.0897028208838 1 -0.00360338223063383
2066 3.536 7.08601435589409 1 -0.00368846498970843
2067 3.62 7.08224485847382 1 -0.00376949742026422
2068 3.692 7.07840635155373 1 -0.00383850692009258
2069 3.756 7.07450686143758 1 -0.00389949011614643
2070 3.815 7.07055141768729 1 -0.00395544375029822
2071 3.869 7.06654504616783 1 -0.00400637151945382
2072 3.92 7.06249077515519 1 -0.004054271012639
2073 3.968 7.05839163069945 1 -0.00409914445574344
2074 4.016 7.05424764578417 1 -0.00414398491527557
2075 4.073 7.05004988084193 1 -0.00419776494224333
2076 4.136 7.04579239371844 1 -0.0042574871234935
2077 4.201 7.04147323441678 1 -0.00431915930165783
2078 4.266 7.0370924482682 1 -0.00438078614858473
2079 4.328 7.03265307141286 1 -0.00443937685533946
2080 4.387 7.02815813775926 1 -0.00449493365359199
2081 4.446 7.02360768814364 1 -0.00455044961562834
2082 4.506 7.01900076642475 1 -0.00460692171888155
2083 4.57 7.01433342632194 1 -0.00466734010280945
2084 4.635 7.00960471529744 1 -0.00472871102449979
2085 4.703 7.0048116876188 1 -0.00479302767864187
2086 4.779 6.9999464149817 1 -0.00486527263710634
2087 4.865 6.99499898101455 1 -0.00494743396714625
2088 4.95 6.98997044305627 1 -0.00502853795827729
2089 5.033 6.98486285461601 1 -0.00510758844026249
2090 5.111 6.97968125853576 1 -0.0051815960802486
2091 5.18 6.97443468174053 1 -0.00524657679523255
2092 5.244 6.96912815673053 1 -0.00530652500999551
2093 5.31 6.963759733675 1 -0.00536842305553087
2094 5.375 6.95833045501861 1 -0.00542927865638987
2095 5.441 6.95283936854497 1 -0.0054910864736426
2096 5.505 6.94728851357985 1 -0.00555085496512131
2097 5.574 6.94167294931812 1 -0.00561556426172949
2098 5.652 6.93598375079665 1 -0.00568919852147332
2099 5.727 6.93022396298148 1 -0.00575978781517072
2100 5.8 6.92439563165308 1 -0.00582833132839866
2101 5.869 6.91850279498304 1 -0.00589283667004015
2102 5.933 6.91255048512216 1 -0.00595230986087802
2103 5.996 6.90653974273277 1 -0.00601074238939248
2104 6.063 6.90046662297517 1 -0.00607311975760005
2105 6.131 6.89433017475152 1 -0.00613644822364723
2106 6.199 6.88813044461049 1 -0.00619973014102637
2107 6.267 6.88186747906654 1 -0.00626296554395278
2108 6.338 6.87553833375767 1 -0.00632914530886897
2109 6.414 6.86913807259127 1 -0.00640026116640247
2110 6.485 6.8626717325771 1 -0.00646634001416757
2111 6.552 6.85614335007514 1 -0.00652838250196464
2112 6.611 6.84956094626815 1 -0.00658240380698683
2113 6.664 6.84293054254822 1 -0.00663040371992629
2114 6.715 6.83625416809183 1 -0.00667637445639091
2115 6.767 6.82953085974168 1 -0.00672330835015256
2116 6.823 6.82275666420617 1 -0.00677419553550962
2117 6.88 6.81593062194177 1 -0.00682604226439931
2118 6.941 6.80904878326799 1 -0.00688183867377745
2119 7.009 6.80210421056525 1 -0.00694457270274373
2120 7.084 6.79508997131335 1 -0.00701423925189992
2121 7.159 6.78800611671968 1 -0.007083854593672
2122 7.23 6.78085668574365 1 -0.00714943097602738
2123 7.297 6.77364571437591 1 -0.00721097136774329
2124 7.358 6.76637922953533 1 -0.00726648484057968
2125 7.414 6.75906225676337 1 -0.00731697277195487
2126 7.471 6.75169383622304 1 -0.00736842054032838
2127 7.532 6.7442700179406 1 -0.00742381828244021
2128 7.601 6.73678286705601 1 -0.00748715088459129
2129 7.671 6.72923143317356 1 -0.00755143388245294
2130 7.748 6.7216087849116 1 -0.00762264826195835
2131 7.832 6.71390799598331 1 -0.00770078892829584
2132 7.907 6.7061380963516 1 -0.00776989963171015
2133 7.97 6.69831110018431 1 -0.00782699616728877
2134 8.017 6.69044300060811 1 -0.00786809957619905
2135 8.047 6.68255077594157 1 -0.00789222466653694
2136 8.068 6.67464341644425 1 -0.0079073594973158
2137 8.084 6.66672591797789 1 -0.00791749846636591
2138 8.106 6.65879230631047 1 -0.00793361166742379
2139 8.139 6.65083162686416 1 -0.00796067944630607
2140 8.18 6.6428359239554 1 -0.00799570290875717
2141 8.235 6.63479126606383 1 -0.00804465789157405
2142 8.303 6.62668472885665 1 -0.00810653720717891
2143 8.372 6.61851536086994 1 -0.00816936798671097
2144 8.44 6.61028420523396 1 -0.00823115563597288
2145 8.49 6.60200925241837 1 -0.00827495281559543
2146 8.524 6.59370648577432 1 -0.00830276664404828
2147 8.543 6.58539087995724 1 -0.0083156058170788
2148 8.554 6.57707041998373 1 -0.0083204599735156
2149 8.566 6.56874411247433 1 -0.00832630750939423
2150 8.585 6.56040498309528 1 -0.00833912937905357
2151 8.607 6.55205005042884 1 -0.00835493266643894
2152 8.643 6.54366536882714 1 -0.00838468160170081
2153 8.692 6.53523799984026 1 -0.00842736898687679
2154 8.749 6.52675999926561 1 -0.0084780005746552
2155 8.806 6.51823140431919 1 -0.00852859494642111
2156 8.859 6.50965623997933 1 -0.00857516433985772
2157 8.9 6.50104650384521 1 -0.00860973613412064
2158 8.931 6.4924121908025 1 -0.00863431304270712
2159 8.956 6.48375930060061 1 -0.00865289020188609
2160 8.974 6.47509482552635 1 -0.0086644750742666
2161 8.991 6.46641977104241 1 -0.00867505448393757
2162 9.005 6.4577371357673 1 -0.00868263527511282
2163 9.028 6.4490379527464 1 -0.00869918302090067
2164 9.06 6.44031326161612 1 -0.00872469113027208
2165 9.094 6.43156108723101 1 -0.00875217438511466
2166 9.126 6.42278344368706 1 -0.00877764354395438
2167 9.157 6.41398134665241 1 -0.00880209703464097
2168 9.188 6.40515481410127 1 -0.00882653255114452
2169 9.219 6.39630386399459 1 -0.00885095010667669
2170 9.249 6.38742951122757 1 -0.00887435276702142
2171 9.284 6.3785267882649 1 -0.00890272296267192
2172 9.317 6.36959770985451 1 -0.00892907841038593
2173 9.348 6.36064428926344 1 -0.00895342059107573
2174 9.383 6.35166255659437 1 -0.00898173266907154
2175 9.422 6.34264854486801 1 -0.00901401172635818
2176 9.455 6.33360825949512 1 -0.00904028537288504
2177 9.484 6.32454570757745 1 -0.00906255191767702
2178 9.506 6.3154678841136 1 -0.00907782346384245
2179 9.522 6.30638078201323 1 -0.00908710210037089
2180 9.536 6.2972864019913 1 -0.00909438002193586
2181 9.55 6.28818474939733 1 -0.00910165259397022
2182 9.571 6.27906885094499 1 -0.0091158984523334
2183 9.597 6.26993373236842 1 -0.00913511857657667
2184 9.627 6.2607754200054 1 -0.00915831236301923
2185 9.667 6.25158396143001 1 -0.00919145857538783
2186 9.711 6.24235539321622 1 -0.00922856821378648
2187 9.752 6.23309273348319 1 -0.00926265973303142
2188 9.79 6.22379899813165 1 -0.00929373535154632
2189 9.819 6.21448318253003 1 -0.00931581560161643
2190 9.836 6.20515726627713 1 -0.00932591625290158
2191 9.849 6.19582524458695 1 -0.00933202169017822
2192 9.859 6.18649011278946 1 -0.0093351317974868
2193 9.871 6.17714987927587 1 -0.00934023351359237
2194 9.885 6.16780255390128 1 -0.00934732537459304
2195 9.9 6.15844714493104 1 -0.0093554089702419
2196 9.926 6.14907269188528 1 -0.00937445304576023
2197 9.96 6.13967123318272 1 -0.00940145870255282
2198 9.995 6.13024179172607 1 -0.00942944145664892
2199 10.026 6.12078837587332 1 -0.0094534158527555
2200 10.053 6.11131499103616 1 -0.00947338483715843
2201 10.072 6.10182962747186 1 -0.00948536356430463
2202 10.085 6.0923382756697 1 -0.00949135180215244
2203 10.098 6.08284094003127 1 -0.00949733563843314
2204 10.112 6.07333662800747 1 -0.00950431202380031
2205 10.126 6.06382534472619 1 -0.00951128328127648
2206 10.139 6.05430809225898 1 -0.00951725246721313
2207 10.162 6.04477490551921 1 -0.00953318673976788
2208 10.191 6.03521981453464 1 -0.00955509098457608
2209 10.218 6.02564482930048 1 -0.00957498523415179
2210 10.24 6.01605494917683 1 -0.00958988012365758
2211 10.253 6.0064591576387 1 -0.00959579153812751
2212 10.261 5.99686244376829 1 -0.00959671387040828
2213 10.264 5.98726979298064 1 -0.00959265078765092
2214 10.268 5.97768020534182 1 -0.00958958763882212
2215 10.277 5.96808869386321 1 -0.00959151147860737
2216 10.291 5.95849027522182 1 -0.00959841864139221
2217 10.31 5.94887996975756 1 -0.00961030546425778
2218 10.339 5.93924781673349 1 -0.00963215302406883
2219 10.374 5.92958785052383 1 -0.00965996620965726
2220 10.404 5.91990507630936 1 -0.00968277421447716
2221 10.422 5.91021147422377 1 -0.009693602085588
2222 10.431 5.9005160247527 1 -0.00969544947106549
2223 10.433 5.89082570788598 1 -0.00969031686672217
2224 10.43 5.88114550458805 1 -0.00968020329793529
2225 10.431 5.87147141963539 1 -0.00967408495265154
2226 10.439 5.8617964698989 1 -0.00967494973649607
2227 10.452 5.85211567127711 1 -0.00968079862178417
2228 10.471 5.84242304638467 1 -0.00969262489244382
2229 10.498 5.83271062833495 1 -0.00971241804971967
2230 10.529 5.82297444388696 1 -0.00973618444799484
2231 10.554 5.81322049219434 1 -0.00975395169261706
2232 10.571 5.803456761896 1 -0.00976373029833866
2233 10.579 5.79369223270633 1 -0.00976452918967485
2234 10.579 5.78393488079187 1 -0.00975735191445271
2235 10.579 5.77418470087709 1 -0.00975017991478211
2236 10.585 5.7644357060058 1 -0.00974899487129477
2237 10.598 5.75468091667501 1 -0.009754789330783
2238 10.617 5.74491435545937 1 -0.00976656121564723
2239 10.643 5.73512905237968 1 -0.00978530307968573
2240 10.673 5.72532103342222 1 -0.00980801895746186
2241 10.703 5.71549031528396 1 -0.00983071813826175
2242 10.724 5.70564588717636 1 -0.00984442810759578
2243 10.733 5.69579972254576 1 -0.0098461646305994
2244 10.736 5.68595780435307 1 -0.00984191819268787
2245 10.735 5.67612411726669 1 -0.00983368708638555
2246 10.738 5.66629466744678 1 -0.00982944981991096
2247 10.744 5.65646646093654 1 -0.00982820651023264
2248 10.755 5.64663451208502 1 -0.00983194885152106
2249 10.773 5.63679184501104 1 -0.00984266707398351
2250 10.79 5.62693946454029 1 -0.0098523804707531
2251 10.8 5.61708435644438 1 -0.00985510809590551
2252 10.807 5.60722951357048 1 -0.00985484287390204
2253 10.811 5.59737792656589 1 -0.00985158700459188
2254 10.813 5.58753158693226 1 -0.0098463396336248
2255 10.816 5.57768949386518 1 -0.00984209306708017
2256 10.82 5.56785064729585 1 -0.00983884656932954
2257 10.826 5.55801305094315 1 -0.00983759635270687
2258 10.832 5.54817670388811 1 -0.009836347055038
2259 10.837 5.53834260215988 1 -0.00983410172822818
2260 10.841 5.52851174105548 1 -0.00983086110439579
2261 10.842 5.5186871090352 1 -0.00982463202028239
2262 10.844 5.50886770457302 1 -0.00981940446218488
2263 10.846 5.49905352382649 1 -0.00981418074652751
2264 10.849 5.48924356600858 1 -0.00980995781790472
2265 10.854 5.47943583412046 1 -0.00980773188812023
2266 10.861 5.46962833263115 1 -0.00980750148930998
2267 10.866 5.45982305526614 1 -0.00980527736501458
2268 10.871 5.45002000039061 1 -0.00980305487552879
2269 10.875 5.44022016331838 1 -0.00979983707223386
2270 10.878 5.43042453863166 1 -0.00979562468672057
2271 10.879 5.42063511712903 1 -0.00978942150262352
2272 10.878 5.41085388814578 1 -0.0097812289832504
2273 10.878 5.40107984871269 1 -0.00977403943308808
2274 10.881 5.39131000270294 1 -0.00976984600975417
2275 10.888 5.38154035924453 1 -0.00976964345840692
2276 10.897 5.37176892429375 1 -0.00977143495077915
2277 10.906 5.36199569916741 1 -0.0097732251263416
2278 10.914 5.35222168212877 1 -0.00977401703864267
2279 10.922 5.34244687375991 1 -0.00977480836886002
2280 10.928 5.33267326853732 1 -0.00977360522258497
2281 10.935 5.32289986862924 1 -0.00977339990808446
2282 10.939 5.313129664727 1 -0.00977020390224226
2283 10.943 5.30336265448142 1 -0.00976701024557691
2284 10.948 5.29359783859764 1 -0.00976481588378153
2285 10.951 5.28383720935756 1 -0.00976062924008403
2286 10.957 5.27407777284158 1 -0.00975943651597166
2287 10.963 5.26431952817303 1 -0.00975824466855357
2288 10.965 5.25456646226552 1 -0.00975306590751401
2289 10.965 5.24482056520731 1 -0.0097458970582105
2290 10.963 5.23508382562388 1 -0.00973673958342935
2291 10.963 5.22535424288932 1 -0.00972958273455404
2292 10.965 5.21562981784827 1 -0.00972442504105153
2293 10.969 5.2059085528148 1 -0.00972126503347326
2294 10.974 5.19618944851877 1 -0.00971910429603096
2295 10.983 5.18646851558229 1 -0.0097209329364798
2296 10.993 5.17674475840206 1 -0.00972375718023066
2297 11 5.16702116989625 1 -0.00972358850580868
2298 11.004 5.15730074078313 1 -0.00972042911311366
2299 11.006 5.14758546263529 1 -0.00971527814784778
2300 11.006 5.1378773255614 1 -0.00970813707388807
2301 11.005 5.12817732125995 1 -0.00970000430145213
2302 11.004 5.11848544375305 1 -0.00969187750689304
2303 11.005 5.1087996931724 1 -0.00968575058065202
2304 11.007 5.09911906806706 1 -0.00968062510533763
2305 11.01 5.08944256772222 1 -0.00967650034484713
2306 11.013 5.07977018910601 1 -0.00967237861620251
2307 11.015 5.07010292613626 1 -0.00966726296975562
2308 11.017 5.06044077505277 1 -0.00966215108349022
2309 11.019 5.05078373209812 1 -0.0096570429546432
2310 11.021 5.04113179351767 1 -0.00965193858045144
2311 11.023 5.03148495555952 1 -0.00964683795815624
2312 11.027 5.02184122057968 1 -0.00964373497983573
2313 11.032 5.01219958934995 1 -0.00964163122973183
2314 11.036 5.00256105727141 1 -0.00963853207854104
2315 11.039 4.99292661901349 1 -0.0096344382579181
2316 11.041 4.98329726851451 1 -0.00962935049898039
2317 11.042 4.9736739989822 1 -0.00962326953230797
2318 11.041 4.96405879984168 1 -0.00961519914052467
2319 11.041 4.95445066821349 1 -0.00960813162818397
2320 11.042 4.94484860195536 1 -0.0096020662581342
2321 11.044 4.9352515996616 1 -0.0095970022937637
2322 11.046 4.92565965761001 1 -0.00959194205158731
2323 11.049 4.91607177513372 1 -0.0095878824762865
2324 11.052 4.9064879492488 1 -0.00958382588491702
2325 11.053 4.89691017086835 1 -0.00957777838045004
2326 11.054 4.88733843554724 1 -0.00957173532111355
2327 11.054 4.87777373579102 1 -0.00956469975622198
2328 11.054 4.8682160664283 1 -0.00955766936271907
2329 11.056 4.85866342839666 1 -0.00955263803164197
2330 11.058 4.84911581799789 1 -0.00954761039877106
2331 11.063 4.83957024069424 1 -0.00954557730364325
2332 11.068 4.83002669499133 1 -0.00954354570291294
2333 11.073 4.82048517939585 1 -0.00954151559548055
2334 11.076 4.81094768631044 1 -0.0095374930854133
2335 11.078 4.80141520972582 1 -0.00953247658461454
2336 11.079 4.79188874290212 1 -0.00952646682370428
2337 11.079 4.78236927836935 1 -0.00951946453276342
2338 11.078 4.77285780792802 1 -0.00951147044133638
2339 11.078 4.76335332875475 1 -0.00950447917326791
2340 11.077 4.75385683265814 1 -0.00949649609661218
2341 11.079 4.74436532292808 1 -0.0094915097300543
2342 11.082 4.73487779895201 1 -0.00948752397607144
2343 11.084 4.72539525474767 1 -0.00948254420434047
2344 11.089 4.7159146958125 1 -0.00948055893517274
2345 11.092 4.70643811458209 1 -0.00947658123041251
2346 11.096 4.69696451118526 1 -0.0094736033968239
2347 11.098 4.68749587732805 1 -0.00946863385721297
2348 11.1 4.67803220935766 1 -0.00946366797038856
2349 11.103 4.66857250667657 1 -0.00945970268108631
2350 11.105 4.65911776331758 1 -0.00945474335899377
2351 11.109 4.64966598174057 1 -0.00945178157701587
2352 11.109 4.64022114755819 1 -0.0094448341823794
2353 11.11 4.63078225871644 1 -0.00943888884174271
2354 11.11 4.62135030779272 1 -0.00943195092372395
2355 11.109 4.61192628663482 1 -0.00942402115790308
2356 11.109 4.60250919246666 1 -0.0094170941681595
2357 11.111 4.59309702630182 1 -0.00941216616483498
2358 11.113 4.58368978451805 1 -0.00940724178376762
2359 11.116 4.57428646654834 1 -0.0094033179697135
2360 11.121 4.5648850756137 1 -0.00940139093463799
2361 11.127 4.55548461335028 1 -0.00940046226341984
2362 11.131 4.54608707297031 1 -0.00939754037997087
2363 11.136 4.53669145537868 1 -0.00939561759162899
2364 11.138 4.52730075000433 1 -0.00939070537434983
2365 11.139 4.51791595018403 1 -0.00938479982030671
2366 11.14 4.50853705157697 1 -0.00937889860705532
2367 11.139 4.4991660437404 1 -0.00937100783656764
2368 11.139 4.48980192392691 1 -0.00936411981349572
2369 11.141 4.48044269317871 1 -0.0093592307482
2370 11.143 4.47108834790217 1 -0.00935434527654166
2371 11.144 4.46173988145371 1 -0.00934846644845955
2372 11.145 4.45239728951218 1 -0.00934259194152443
2373 11.149 4.44305757691737 1 -0.00933971259481492
2374 11.152 4.43372173850026 1 -0.00933583841710917
2375 11.154 4.42439076836061 1 -0.00933097013964357
2376 11.157 4.41506366597266 1 -0.0093271023879522
2377 11.159 4.40574142544088 1 -0.00932224053177766
2378 11.161 4.39642404319164 1 -0.00931738224923961
2379 11.163 4.38711151565393 1 -0.00931252753771172
2380 11.166 4.37780284231195 1 -0.00930867334198648
2381 11.168 4.36849901728013 1 -0.00930382503181448
2382 11.171 4.35919904004739 1 -0.00929997723274045
2383 11.171 4.34990589862771 1 -0.00929314141967996
2384 11.174 4.34061659715427 1 -0.00928930147343987
2385 11.176 4.33133212975199 1 -0.00928446740227784
2386 11.177 4.32205348981508 1 -0.00927863993691069
2387 11.179 4.31277967611273 1 -0.00927381370235647
2388 11.181 4.30351068509747 1 -0.00926899101525525
2389 11.185 4.29424451932963 1 -0.00926616576783701
2390 11.187 4.2849831706274 1 -0.00926134870223905
2391 11.189 4.27572663545004 1 -0.00925653517735459
2392 11.191 4.26647491025946 1 -0.00925172519058215
2393 11.192 4.25722898846756 1 -0.00924592179190231
2394 11.195 4.24798687191379 1 -0.0092421165537635
2395 11.197 4.2387495547486 1 -0.00923731716519072
2396 11.198 4.22951803039168 1 -0.00923152435692032
2397 11.2 4.22029129763769 1 -0.00922673275398811
2398 11.202 4.21106935296464 1 -0.00922194467305282
2399 11.203 4.20185318980053 1 -0.00921616316411011
2400 11.205 4.19264180694833 1 -0.00921138285219936
2401 11.206 4.18343619784176 1 -0.00920560910656842
2402 11.208 4.1742353612895 1 -0.00920083655226378
2403 11.209 4.16504029073096 1 -0.00919507055853774
2404 11.21 4.15585098192794 1 -0.00918930880302238
2405 11.211 4.14666743064534 1 -0.00918355128260018
2406 11.211 4.1374906295986 1 -0.00917680104674279
2407 11.214 4.12831758298379 1 -0.00917304661480145
2408 11.216 4.11914928498871 1 -0.00916829799508356
2409 11.219 4.10998473517552 1 -0.00916454981318715
2410 11.221 4.1008249277366 1 -0.00915980743891964
2411 11.227 4.09166587139647 1 -0.00915905634013736
2412 11.229 4.0825115533927 1 -0.00915431800376698
2413 11.232 4.07336097329504 1 -0.00915058009766057
2414 11.233 4.06421612225083 1 -0.00914485104421026
2415 11.234 4.05507699604901 1 -0.00913912620181812
2416 11.236 4.0459425935342 1 -0.00913440251480679
2417 11.234 4.036816899024 1 -0.00912569451019962
2418 11.234 4.02769791222288 1 -0.00911898680112078
2419 11.235 4.01858463125302 1 -0.00911328096986441
2420 11.236 4.00947705192042 1 -0.00910757933259632
2421 11.236 4.00037616698161 1 -0.00910088493881567
2422 11.239 3.9912789806737 1 -0.00909718630790657
2423 11.241 3.9821864872255 1 -0.00909249344820395
2424 11.242 3.97309968013499 1 -0.00908680709050191
2425 11.245 3.96401656132768 1 -0.00908311880731016
2426 11.247 3.95493812503997 1 -0.00907843628771943
2427 11.251 3.94586237393518 1 -0.00907575110478254
2428 11.255 3.93678930603963 1 -0.00907306789555085
2429 11.257 3.9277209132759 1 -0.00906839276373672
2430 11.256 3.91866018304984 1 -0.00906073022605547
2431 11.256 3.90960611278181 1 -0.00905407026802951
2432 11.254 3.90056069147134 1 -0.0090454213104727
2433 11.252 3.89152391276113 1 -0.00903677871020658
2434 11.251 3.88249477335116 1 -0.00902913940997596
2435 11.25 3.87347326762625 1 -0.00902150572490212
2436 11.25 3.86445839302798 1 -0.00901487459827521
2437 11.252 3.85544815078738 1 -0.00901024224059821
2438 11.256 3.84644054360467 1 -0.00900760718270455
2439 11.261 3.83743457259558 1 -0.00900597100909017
2440 11.267 3.82842923961005 1 -0.00900533298553929
2441 11.27 3.81942753502134 1 -0.00900170458870431
2442 11.272 3.81043045310989 1 -0.00899708191145088
2443 11.272 3.8014399843727 1 -0.00899046873719334
2444 11.27 3.79245811784368 1 -0.00898186652901733
2445 11.27 3.78348285330507 1 -0.0089752645386052
2446 11.267 3.77451717674644 1 -0.00896567655863612
2447 11.264 3.76556108112027 1 -0.00895609562617183
2448 11.262 3.75661356243682 1 -0.00894751868345134
2449 11.261 3.74767361744431 1 -0.00893994499250583
2450 11.262 3.73873924668098 1 -0.00893437076332804
2451 11.264 3.72980944910216 1 -0.00892979757882451
2452 11.268 3.72088222745155 1 -0.00892722165060977
2453 11.27 3.71195957373059 1 -0.00892265372095746
2454 11.276 3.70303749679202 1 -0.00892207693856806
2455 11.279 3.69411898705414 1 -0.00891850973787989
2456 11.284 3.68520204800009 1 -0.00891693905404667
2457 11.29 3.67628568152795 1 -0.00891636647214034
2458 11.291 3.66737487195394 1 -0.00891080957401114
2459 11.292 3.65846961519354 1 -0.00890525676039866
2460 11.288 3.64957489190233 1 -0.0088947232912111
2461 11.285 3.64068969739042 1 -0.00888519451191483
2462 11.282 3.63181402465381 1 -0.00887567273660927
2463 11.28 3.62294686974625 1 -0.00886715490756407
2464 11.276 3.61409022030166 1 -0.00885664944458942
2465 11.275 3.6052410777559 1 -0.00884914254575664
2466 11.278 3.59639544880147 1 -0.00884562895443342
2467 11.281 3.58755333085574 1 -0.00884211794572476
2468 11.286 3.57871272744317 1 -0.00884060341256765
2469 11.29 3.56987463439795 1 -0.00883809304522831
2470 11.295 3.56103805292743 1 -0.00883658147051625
2471 11.298 3.5522049758154 1 -0.00883307711202885
2472 11.299 3.54337739438087 1 -0.00882758143453266
2473 11.3 3.53455530458431 1 -0.00882208979655452
2474 11.296 3.52574368712628 1 -0.0088116174580346
2475 11.294 3.51694054041439 1 -0.00880314671189097
2476 11.289 3.5081488490646 1 -0.00879169134979163
2477 11.285 3.49936760770939 1 -0.00878124135520775
2478 11.281 3.49059680866765 1 -0.0087707990417405
2479 11.278 3.48183544731649 1 -0.00876136135116212
2480 11.274 3.47308451366628 1 -0.00875093365020296
2481 11.273 3.46434100921005 1 -0.00874350445622785
2482 11.275 3.45560193764483 1 -0.00873907156522868
2483 11.279 3.44686530181743 1 -0.0087366358273977
2484 11.284 3.43813010299009 1 -0.00873519882733831
2485 11.293 3.42939235231689 1 -0.00873775067319738
2486 11.299 3.42065504251579 1 -0.00873730980110521
2487 11.307 3.41191617936788 1 -0.00873886314790573
2488 11.308 3.40318274264687 1 -0.00873343672101434
2489 11.309 3.39445472836413 1 -0.0087280142827395
2490 11.305 3.38573711727107 1 -0.0087176110930578
2491 11.3 3.3770308986684 1 -0.00870621860267162
2492 11.294 3.36833706112965 1 -0.00869383753875175
2493 11.286 3.35965758944913 1 -0.00867947168051675
2494 11.277 3.35099347001485 1 -0.00866411943427847
2495 11.27 3.34234269764753 1 -0.00865077236732237
2496 11.268 3.33370027779951 1 -0.00864241984802394
2497 11.27 3.32506221654171 1 -0.00863806125779654
2498 11.275 3.31642551982817 1 -0.00863669671354161
2499 11.286 3.30778420497138 1 -0.00864131485678366
2500 11.298 3.29913727841844 1 -0.00864692655294519
2501 11.298 3.29049670766315 1 -0.00864057075529301
2502 11.298 3.28186248803377 1 -0.0086342196293776
2503 11.298 3.273234614862 1 -0.00862787317176528
2504 11.298 3.26461308348298 1 -0.00862153137902411
2505 11.298 3.25599788923525 1 -0.00861519424772572
2506 11.298 3.24738902746081 1 -0.00860886177444309
2507 11.298 3.23878649350506 1 -0.00860253395575317
2508 11.298 3.23019028271682 1 -0.00859621078823469
2509 11.298 3.22160039044835 1 -0.00858989226846818
2510 11.298 3.21301681205532 1 -0.00858357839303769
2511 11.298 3.20443954289679 1 -0.00857726915852997
2512 11.298 3.19586857833525 1 -0.00857096456153306
2513 11.298 3.18730391373661 1 -0.00856466459863858
2514 11.298 3.17874554447017 1 -0.00855836926643994
2515 11.298 3.17019346590864 1 -0.00855207856153406
2516 11.298 3.16164767342812 1 -0.00854579248051923
2517 11.298 3.15310816240812 1 -0.00853951101999684
2518 11.298 3.14457492823155 1 -0.00853323417657093
2519 11.298 3.13604796628471 1 -0.00852696194684732
2520 11.298 3.12752727195727 1 -0.00852069432743496
2521 11.298 3.11901284064233 1 -0.00851443131494545
2522 11.298 3.11050466773633 1 -0.00850817290599171
2523 11.298 3.10200274863914 1 -0.00850191909719067
2524 11.298 3.09350707875398 1 -0.00849566988516104
2525 11.298 3.08501765348746 1 -0.00848942526652374
2526 11.298 3.07653446824956 1 -0.00848318523790237
2527 11.298 3.06805751845363 1 -0.00847694979592362
2528 11.298 3.05958679951642 1 -0.00847071893721596
2529 11.298 3.05112230685801 1 -0.00846449265841009
2530 11.298 3.04266403590187 1 -0.00845827095614027
2531 11.298 3.03421198207482 1 -0.00845205382704206
2532 11.298 3.02576614080707 1 -0.00844584126775416
2533 11.298 3.01732650753215 1 -0.00843963327491748
2534 11.298 3.00889307768698 1 -0.00843342984517603
2535 11.298 3.0004658467118 1 -0.00842723097517517
2536 11.298 2.99204481005024 1 -0.0084210366615638
2537 11.298 2.98362996314924 1 -0.00841484690099215
2538 11.298 2.97522130145913 1 -0.00840866169011445
2539 11.298 2.96681882043354 1 -0.00840248102558583
2540 11.298 2.95842251552948 1 -0.00839630490406496
2541 11.298 2.95003238220727 1 -0.00839013332221272
2542 11.298 2.94164841593058 1 -0.0083839662766918
2543 11.298 2.93327061216641 1 -0.00837780376416797
2544 11.298 2.9248989663851 1 -0.00837164578130922
2545 11.298 2.91653347406031 1 -0.00836549232478623
2546 11.298 2.90817413066904 1 -0.00835934339127231
2547 11.298 2.8998209316916 1 -0.00835319897744213
2548 11.298 2.89147387261162 1 -0.00834705907997435
2549 11.298 2.88313294891607 1 -0.00834092369554895
2550 11.298 2.87479815609523 1 -0.00833479282084859
2551 11.298 2.86646948964267 1 -0.00832866645255859
2552 11.298 2.8581469450553 1 -0.00832254458736648
2553 11.298 2.84983051783334 1 -0.00831642722196246
2554 11.298 2.8415202034803 1 -0.00831031435303897
2555 11.298 2.83321599750301 1 -0.00830420597729065
2556 11.298 2.82491789541159 1 -0.00829810209141524
2557 11.298 2.81662589271948 1 -0.00829200269211272
2558 11.298 2.8083399849434 1 -0.0082859077760844
2559 11.298 2.80006016760336 1 -0.00827981734003602
2560 11.298 2.79178643622269 1 -0.00827373138067378
2561 11.298 2.78351878632798 1 -0.00826764989470785
2562 11.298 2.77525721344913 1 -0.00826157287884932
2563 11.298 2.76700171311932 1 -0.00825550032981326
2564 11.298 2.758752280875 1 -0.00824943224431607
2565 11.298 2.75050891225592 1 -0.00824336861907682
2566 11.298 2.74227160280511 1 -0.0082373094508168
2567 11.298 2.73404034806885 1 -0.00823125473626085
2568 11.298 2.72581514359671 1 -0.00822520447213471
2569 11.298 2.71759598494154 1 -0.0082191586551672
2570 11.298 2.70938286765945 1 -0.0082131172820894
2571 11.298 2.70117578730982 1 -0.00820708034963546
2572 11.298 2.69297473945528 1 -0.00820104785454046
2573 11.298 2.68477971966173 1 -0.00819501979354342
2574 11.298 2.67659072349835 1 -0.0081889961633852
2575 11.298 2.66840774653754 1 -0.00818297696080839
2576 11.298 2.66023078435498 1 -0.00817696218255914
2577 11.298 2.6520598325296 1 -0.00817095182538541
2578 11.298 2.64389488664356 1 -0.00816494588603689
2579 11.298 2.63573594228229 1 -0.0081589443612673
2580 11.298 2.62758299503446 1 -0.00815294724783078
2581 11.298 2.61943604049198 1 -0.00814695454248549
2582 11.298 2.61129507424998 1 -0.00814096624199134
2583 11.298 2.60316009190687 1 -0.00813498234311005
2584 11.298 2.59503108906427 1 -0.00812900284260687
2585 11.298 2.58690806132702 1 -0.00812302773724838
2586 11.298 2.57879100430321 1 -0.00811705702380427
2587 11.298 2.57067991360417 1 -0.00811109069904647
2588 11.298 2.56257478484442 1 -0.00810512875974911
2589 11.298 2.55447561364173 1 -0.0080991712026881
2590 11.298 2.54638239561709 1 -0.00809321802464291
2591 11.298 2.53829512639469 1 -0.00808726922239478
2592 11.298 2.53021380160197 1 -0.00808132479272716
2593 11.298 2.52213841686954 1 -0.00807538473242619
2594 11.298 2.51406896783126 1 -0.00806944903828022
2595 11.298 2.50600545012418 1 -0.00806351770708025
2596 11.298 2.49794785938856 1 -0.00805759073561862
2597 11.298 2.48989619126787 1 -0.00805166812069125
2598 11.298 2.48185044140877 1 -0.00804574985909579
2599 11.298 2.47381060546114 1 -0.00803983594763258
2600 11.298 2.46577667907804 1 -0.00803392638310418
2601 11.298 2.45774865791572 1 -0.00802802116231538
2602 11.298 2.44972653763365 1 -0.00802212028207272
2603 11.298 2.44171031389446 1 -0.00801622373918676
2604 11.298 2.43369998236399 1 -0.00801033153046893
2605 11.298 2.42569553871126 1 -0.00800444365273334
2606 11.298 2.41769697860846 1 -0.00799856010279631
2607 11.298 2.40970429773099 1 -0.00799268087747773
2608 11.298 2.40171749175739 1 -0.00798680597359791
2609 11.298 2.39373655636941 1 -0.00798093538798073
2610 11.298 2.38576148725196 1 -0.00797506911745227
2611 11.298 2.37779228009311 1 -0.00796920715884086
2612 11.298 2.36982893058414 1 -0.00796334950897659
2613 11.298 2.36187143441945 1 -0.00795749616469266
2614 11.298 2.35391978729662 1 -0.00795164712282448
2615 11.298 2.34597398491641 1 -0.0079458023802097
2616 11.298 2.33803402298272 1 -0.00793996193368773
2617 11.298 2.33009989720262 1 -0.00793412578010111
2618 11.298 2.32217160328633 1 -0.00792829391629457
2619 11.298 2.31424913694721 1 -0.00792246633911464
2620 11.298 2.3063324939018 1 -0.00791664304541051
2621 11.298 2.29842166986977 1 -0.00791082403203358
2622 11.298 2.29051666057393 1 -0.00790500929583793
2623 11.298 2.28261746174025 1 -0.00789919883367984
2624 11.298 2.27472406909783 1 -0.0078933926424174
2625 11.298 2.26683647837892 1 -0.00788759071891132
2626 11.298 2.2589546853189 1 -0.00788179306002457
2627 11.298 2.25107868565627 1 -0.0078759996626232
2628 11.298 2.2432084751327 1 -0.00787021052357417
2629 11.298 2.23534404949295 1 -0.00786442563974754
2630 11.298 2.22748540448494 1 -0.00785864500801559
2631 11.298 2.21963253585968 1 -0.00785286862525281
2632 11.298 2.21178543937135 1 -0.00784709648833681
2633 11.298 2.2039441107772 1 -0.00784132859414566
2634 11.298 2.19610854583764 1 -0.00783556493956139
2635 11.298 2.18827874031617 1 -0.00782980552146739
2636 11.298 2.18045468997942 1 -0.00782405033675015
2637 11.298 2.17263639059713 1 -0.00781829938229794
2638 11.298 2.16482383794212 1 -0.0078125526550008
2639 11.298 2.15701702779037 1 -0.00780681015175233
2640 11.298 2.14921595592092 1 -0.00780107186944745
2641 11.298 2.14142061811594 1 -0.00779533780498332
2642 11.298 2.13363101016068 1 -0.00778960795526018
2643 11.298 2.1258471278435 1 -0.00778388231717919
2644 11.298 2.11806896695586 1 -0.00777816088764594
2645 11.298 2.11029652329229 1 -0.007772443663566
2646 11.298 2.10252979265044 1 -0.00776673064184852
2647 11.298 2.09476877083104 1 -0.00776102181940441
2648 11.298 2.08701345363789 1 -0.00775531719314726
2649 11.298 2.0792638368779 1 -0.00774961675999286
2650 11.298 2.07151991636104 1 -0.00774392051685879
2651 11.298 2.06378168790037 1 -0.00773822846066574
2652 11.298 2.05604914731204 1 -0.00773254058833572
2653 11.298 2.04832229041524 1 -0.00772685689679342
2654 11.298 2.04060111303228 1 -0.00772117738296618
2655 11.298 2.03288561098849 1 -0.00771550204378268
2656 11.298 2.02517578011232 1 -0.00770983087617516
2657 11.298 2.01747161623524 1 -0.00770416387707673
2658 11.298 2.00977311519182 1 -0.00769850104342362
2659 11.298 2.00208027281966 1 -0.00769284237215384
2660 11.298 1.99439308495946 1 -0.0076871878602085
2661 11.298 1.98671154745493 1 -0.00768153750452982
2662 11.298 1.97903565615286 1 -0.0076758913020627
2663 11.298 1.97136540690311 1 -0.0076702492497549
2664 11.298 1.96370079555855 1 -0.00766461134455554
2665 11.298 1.95604181797514 1 -0.00765897758341638
2666 11.298 1.94838847001185 1 -0.00765334796329142
2667 11.298 1.94074074753071 1 -0.0076477224811371
2668 11.298 1.9330986463968 1 -0.00764210113391139
2669 11.298 1.92546216247822 1 -0.00763648391857541
2670 11.298 1.91783129164613 1 -0.0076308708320918
2671 11.298 1.9102060297747 1 -0.00762526187142587
2672 11.298 1.90258637274116 1 -0.00761965703354495
2673 11.298 1.89497231642574 1 -0.00761405631541856
2674 11.298 1.88736385671172 1 -0.00760845971401847
2675 11.298 1.8797609894854 1 -0.00760286722631909
2676 11.298 1.87216371063611 1 -0.0075972788492964
2677 11.298 1.86457201605618 1 -0.00759169457992903
2678 11.298 1.85698590164098 1 -0.00758611441519763
2679 11.298 1.84940536328889 1 -0.00758053835208528
2680 11.298 1.84183039690132 1 -0.00757496638757704
2681 11.298 1.83426099838266 1 -0.00756939851866023
2682 11.298 1.82669716364033 1 -0.00756383474232458
2683 11.298 1.81913888858477 1 -0.00755827505556184
2684 11.298 1.81158616912941 1 -0.00755271945536595
2685 11.298 1.80403900119067 1 -0.00754716793873333
2686 11.298 1.79649738068801 1 -0.00754162050266216
2687 11.298 1.78896130354386 1 -0.00753607714415327
2688 11.298 1.78143076568365 1 -0.00753053786020952
2689 11.298 1.77390576303581 1 -0.00752500264783595
2690 11.298 1.76638629153177 1 -0.00751947150403964
2691 11.298 1.75887234710594 1 -0.00751394442583031
2692 11.298 1.75136392569572 1 -0.00750842141021923
2693 11.298 1.7438610232415 1 -0.00750290245422058
2694 11.298 1.73636363568665 1 -0.00749738755485052
2695 11.298 1.72887175897752 1 -0.00749187670912677
2696 11.298 1.72138538906345 1 -0.00748636991407015
2697 11.298 1.71390452189675 1 -0.00748086716670326
2698 11.298 1.7064291534327 1 -0.00747536846405072
2699 11.298 1.69895927962956 1 -0.00746987380313979
2700 11.298 1.69149489644856 1 -0.00746438318099929
2701 11.298 1.6840359998539 1 -0.0074588965946607
2702 11.298 1.67658258581274 1 -0.00745341404115774
2703 11.298 1.66913465029522 1 -0.00744793551752609
2704 11.298 1.66169218927441 1 -0.0074424610208037
2705 11.298 1.65425519872638 1 -0.00743699054803026
2706 11.298 1.64682367463013 1 -0.00743152409624837
2707 11.298 1.63939761296763 1 -0.00742606166250259
2708 11.298 1.63197700972379 1 -0.00742060324383909
2709 11.298 1.62456186088648 1 -0.0074151488373071
2710 11.298 1.61715216244653 1 -0.00740969843995698
2711 11.298 1.60974791039769 1 -0.00740425204884243
2712 11.298 1.60234910073667 1 -0.00739880966101847
2713 11.298 1.59495572946312 1 -0.00739337127354256
2714 11.298 1.58756779257965 1 -0.00738793688347439
2715 11.298 1.58018528609177 1 -0.00738250648787542
2716 11.298 1.57280820600796 1 -0.00737708008380999
2717 11.298 1.56543654833962 1 -0.0073716576683438
2718 11.298 1.55807030910108 1 -0.0073662392385454
2719 11.298 1.55070948430959 1 -0.00736082479148492
2720 11.298 1.54335406998536 1 -0.00735541432423514
2721 11.298 1.53600406215148 1 -0.00735000783387063
2722 11.298 1.52865945683402 1 -0.00734460531746839
2723 11.298 1.52132025006191 1 -0.0073392067721072
2724 11.298 1.51398643786704 1 -0.00733381219486828
2725 11.298 1.50665801628421 1 -0.00732842158283487
2726 11.298 1.49933498135111 1 -0.00732303493309239
2727 11.298 1.49201732910838 1 -0.00731765224272873
2728 11.298 1.48470505559955 1 -0.00731227350883312
2729 11.298 1.47739815687105 1 -0.00730689872849788
2730 11.298 1.47009662897224 1 -0.00730152789881666
2731 11.298 1.46280046795535 1 -0.00729616101688579
2732 11.298 1.45550966987555 1 -0.00729079807980337
2733 11.298 1.44822423079088 1 -0.00728543908466994
2734 11.298 1.44094414676229 1 -0.00728008402858804
2735 11.298 1.43366941385363 1 -0.00727473290866198
2736 11.298 1.42640002813163 1 -0.0072693857219992
2737 11.298 1.41913598566592 1 -0.007264042465708
2738 11.298 1.41187728252902 1 -0.0072587031368998
2739 11.298 1.40462391479633 1 -0.00725336773268737
2740 11.298 1.39737587854615 1 -0.00724803625018655
2741 11.298 1.39013316985963 1 -0.00724270868651411
2742 11.298 1.38289578482084 1 -0.00723738503879012
2743 11.298 1.37566371951671 1 -0.007232065304136
2744 11.298 1.36843697003703 1 -0.00722674947967539
2745 11.298 1.3612155324745 1 -0.00722143756253435
2746 11.298 1.35399940292466 1 -0.00721612954984074
2747 11.298 1.34678857748593 1 -0.00721082543872464
2748 11.298 1.33958305225961 1 -0.00720552522631857
2749 11.298 1.33238282334986 1 -0.00720022890975636
2750 11.298 1.32518788686368 1 -0.00719493648617453
2751 11.298 1.31799823891097 1 -0.00718964795271182
2752 11.298 1.31081387560446 1 -0.00718436330650873
2753 11.298 1.30363479305975 1 -0.007179082544708
2754 11.298 1.2964609873953 1 -0.00717380566445458
2755 11.298 1.2892924547324 1 -0.00716853266289519
2756 11.298 1.28212919119523 1 -0.007163263537179
2757 11.298 1.27497119291077 1 -0.00715799828445696
2758 11.298 1.26781845600889 1 -0.00715273690188245
2759 11.298 1.26067097662228 1 -0.00714747938661064
2760 11.298 1.25352875088648 1 -0.00714222573579892
2761 11.298 1.24639177493987 1 -0.00713697594660712
2762 11.298 1.23926004492367 1 -0.00713173001619638
2763 11.298 1.23213355698194 1 -0.00712648794173054
2764 11.298 1.22501230726157 1 -0.0071212497203752
2765 11.298 1.21789629191227 1 -0.0071160153492984
2766 11.298 1.2107855070866 1 -0.00711078482566996
2767 11.298 1.20367994893994 1 -0.00710555814666192
2768 11.298 1.19657961363049 1 -0.00710033530944831
2769 11.298 1.18948449731928 1 -0.00709511631120519
2770 11.298 1.18239459617017 1 -0.00708990114911101
2771 11.298 1.17530990634983 1 -0.00708468982034582
2772 11.298 1.16823042402773 1 -0.00707948232209188
2773 11.298 1.1611561453762 1 -0.00707427865153409
2774 11.298 1.15408706657034 1 -0.0070690788058585
2775 11.298 1.14702318378809 1 -0.00706388278225401
2776 11.298 1.13996449321018 1 -0.00705869057791109
2777 11.298 1.13291099102015 1 -0.00705350219002243
2778 11.298 1.12586267340437 1 -0.00704831761578295
2779 11.298 1.11881953655198 1 -0.00704313685238933
2780 11.298 1.11178157665494 1 -0.0070379598970407
2781 11.298 1.104748789908 1 -0.00703278674693752
2782 11.298 1.09772117250872 1 -0.00702761739928337
2783 11.298 1.09069872065744 1 -0.00702245185128292
2784 11.298 1.08368143055729 1 -0.00701729010014351
2785 11.298 1.07666929841422 1 -0.00701213214307428
2786 11.298 1.06966232043693 1 -0.00700697797728633
2787 11.298 1.06266049283694 1 -0.00700182759999302
2788 11.298 1.05566381182853 1 -0.00699668100840967
2789 11.298 1.04867227362878 1 -0.00699153819975362
2790 11.298 1.04168587445753 1 -0.00698639917124422
2791 11.298 1.03470461053743 1 -0.00698126392010301
2792 11.298 1.02772847809388 1 -0.00697613244355377
2793 11.298 1.02075747335505 1 -0.0069710047388214
2794 11.298 1.01379159255192 1 -0.00696588080313409
2795 11.298 1.0068308319182 1 -0.0069607606337212
2796 11.298 0.999875187690385 1 -0.00695564422781436
2797 11.298 0.992924656107738 1 -0.00695053158264725
2798 11.298 0.985979233412282 1 -0.00694542269545573
2799 11.298 0.979038915848805 1 -0.00694031756347735
2800 11.298 0.972103699664853 1 -0.0069352161839521
2801 11.298 0.965173581110731 1 -0.00693011855412173
2802 11.298 0.958248556439501 1 -0.00692502467123002
2803 11.298 0.951328621906978 1 -0.00691993453252282
2804 11.298 0.94441377377173 1 -0.00691484813524812
2805 11.298 0.937504008295074 1 -0.00690976547665578
2806 11.298 0.930599321741076 1 -0.00690468655399779
2807 11.298 0.923699710376548 1 -0.00689961136452799
2808 11.298 0.916805170471046 1 -0.00689453990550248
2809 11.298 0.909915698296867 1 -0.00688947217417912
2810 11.298 0.903031290129049 1 -0.0068844081678181
2811 11.298 0.896151942245367 1 -0.00687934788368127
2812 11.298 0.889277650926335 1 -0.00687429131903272
2813 11.298 0.882408412455196 1 -0.00686923847113852
2814 11.298 0.875544223117929 1 -0.00686418933726674
2815 11.298 0.868685079203242 1 -0.00685914391468734
2816 11.298 0.861830977002569 1 -0.00685410220067251
2817 11.298 0.854981912810073 1 -0.0068490641924962
2818 11.298 0.848137882922639 1 -0.0068440298874346
2819 11.298 0.841298883639873 1 -0.00683899928276577
2820 11.298 0.834464911264103 1 -0.00683397237576977
2821 11.298 0.827635962100374 1 -0.00682894916372867
2822 11.298 0.820812032456448 1 -0.00682392964392653
2823 11.298 0.813993118642799 1 -0.00681891381364941
2824 11.298 0.807179216972613 1 -0.00681390167018547
2825 11.298 0.800370323761788 1 -0.00680889321082467
2826 11.298 0.793566435328929 1 -0.00680388843285917
2827 11.298 0.786767547995346 1 -0.00679888733358291
2828 11.298 0.779973658085054 1 -0.00679388991029195
2829 11.298 0.77318476192477 1 -0.00678889616028444
2830 11.298 0.76640085584391 1 -0.0067839060808601
2831 11.298 0.759621936174589 1 -0.0067789196693212
2832 11.298 0.752847999251617 1 -0.00677393692297168
2833 11.298 0.7460790414125 1 -0.00676895783911724
2834 11.298 0.739315058997434 1 -0.00676398241506615
2835 11.298 0.732556048349305 1 -0.00675901064812812
2836 11.298 0.72580200581369 1 -0.00675404253561507
2837 11.298 0.719052927738849 1 -0.00674907807484093
2838 11.298 0.712308810475728 1 -0.00674411726312152
2839 11.298 0.705569650377953 1 -0.00673916009777464
2840 11.298 0.698835443801833 1 -0.00673420657612001
2841 11.298 0.692106187106354 1 -0.00672925669547952
2842 11.298 0.685381876653177 1 -0.00672431045317678
2843 11.298 0.678662508806639 1 -0.00671936784653759
2844 11.298 0.67194807993375 1 -0.00671442887288953
2845 11.298 0.665238586404188 1 -0.00670949352956229
2846 11.298 0.6585340245903 1 -0.00670456181388734
2847 11.298 0.651834390867102 1 -0.00669963372319837
2848 11.298 0.645139681612271 1 -0.00669470925483084
2849 11.298 0.638449893206149 1 -0.00668978840612211
2850 11.298 0.631765022031737 1 -0.00668487117441174
2851 11.298 0.625085064474696 1 -0.00667995755704098
2852 11.298 0.618410016923343 1 -0.00667504755135329
2853 11.298 0.611739875768649 1 -0.00667014115469389
2854 11.298 0.605074637404239 1 -0.00666523836441002
2855 11.298 0.598414298226388 1 -0.0066603391778508
2856 11.298 0.591758854634021 1 -0.00665544359236747
2857 11.298 0.585108303028708 1 -0.00665055160531314
2858 11.298 0.578462639814665 1 -0.0066456632140427
2859 11.298 0.571821861398752 1 -0.00664077841591326
2860 11.298 0.565185964190468 1 -0.00663589720828361
2861 11.298 0.558554944601953 1 -0.00663101958851475
2862 11.298 0.551928799047984 1 -0.00662614555396934
2863 11.298 0.545307523945972 1 -0.00662127510201216
2864 11.298 0.538691115715962 1 -0.00661640823000986
2865 11.298 0.532079570780631 1 -0.00661154493533112
2866 11.298 0.525472885565284 1 -0.00660668521534635
2867 11.298 0.518871056497856 1 -0.00660182906742823
2868 11.298 0.512274080008905 1 -0.00659697648895097
2869 11.298 0.505681952531614 1 -0.00659212747729088
2870 11.298 0.499094670501788 1 -0.00658728202982645
2871 11.298 0.49251223035785 1 -0.00658244014393766
2872 11.298 0.485934628540843 1 -0.00657760181700673
2873 11.298 0.479361861494426 1 -0.00657276704641768
2874 11.298 0.472793925664869 1 -0.00656793582955645
2875 11.298 0.466230817501058 1 -0.00656310816381089
2876 11.298 0.459672533454488 1 -0.00655828404657088
2877 11.298 0.453119069979259 1 -0.00655346347522817
2878 11.298 0.446570423532083 1 -0.00654864644717629
2879 11.298 0.440026590572272 1 -0.00654383295981087
2880 11.298 0.433487567561743 1 -0.00653902301052933
2881 11.298 0.426953350965012 1 -0.00653421659673109
2882 11.298 0.420423937249194 1 -0.00652941371581744
2883 11.298 0.413899322884003 1 -0.00652461436519158
2884 11.298 0.407379504341744 1 -0.00651981854225864
2885 11.298 0.400864478097319 1 -0.00651502624442563
2886 11.298 0.394354240628217 1 -0.00651023746910145
2887 11.298 0.38784878841452 1 -0.00650545221369697
2888 11.298 0.381348117938895 1 -0.00650067047562486
2889 11.298 0.374852225686595 1 -0.00649589225229985
2890 11.298 0.368361108145457 1 -0.0064911175411384
2891 11.298 0.361874761805898 1 -0.00648634633955897
2892 11.298 0.355393183160916 1 -0.00648157864498194
2893 11.298 0.348916368706087 1 -0.00647681445482945
2894 11.298 0.342444314939561 1 -0.00647205376652571
2895 11.298 0.335977018362064 1 -0.00646729657749662
2896 11.298 0.329514475476894 1 -0.00646254288517023
2897 11.298 0.323056682789918 1 -0.00645779268697627
2898 11.298 0.316603636809571 1 -0.00645304598034641
2899 11.298 0.310155334046857 1 -0.0064483027627143
2900 11.298 0.303711771015342 1 -0.00644356303151528
2901 11.298 0.297272944231155 1 -0.00643882678418684
2902 11.298 0.290838850212987 1 -0.00643409401816808
2903 11.298 0.284409485482087 1 -0.00642936473090022
2904 11.298 0.27798484656226 1 -0.0064246389198262
2905 11.298 0.27156492997987 1 -0.00641991658239088
2906 11.298 0.265149732263829 1 -0.00641519771604104
2907 11.298 0.258739249945603 1 -0.00641048231822533
2908 11.298 0.252333479559209 1 -0.00640577038639423
2909 11.298 0.245932417641209 1 -0.00640106191800013
2910 11.298 0.239536060730712 1 -0.00639635691049725
2911 11.298 0.23314440536937 1 -0.00639165536134173
2912 11.298 0.226757448101378 1 -0.00638695726799157
2913 11.298 0.220375185473472 1 -0.00638226262790664
2914 11.298 0.213997614034923 1 -0.00637757143854864
2915 11.298 0.207624730337542 1 -0.00637288369738118
2916 11.298 0.201256530935672 1 -0.0063681994018697
2917 11.298 0.194893012386191 1 -0.00636351854948156
2918 11.298 0.188534171248505 1 -0.00635884113768589
2919 11.298 0.182180004084551 1 -0.00635416716395376
2920 11.298 0.175830507458793 1 -0.00634949662575809
2921 11.298 0.169485677938219 1 -0.00634482952057361
2922 11.298 0.163145512092342 1 -0.00634016584587693
2923 11.298 0.156810006493196 1 -0.00633550559914656
2924 11.298 0.150479157715333 1 -0.0063308487778628
2925 11.298 0.144152962335825 1 -0.00632619537950779
2926 11.298 0.13783141693426 1 -0.00632154540156563
2927 11.298 0.131514518092737 1 -0.00631689884152212
2928 11.298 0.125202262395872 1 -0.00631225569686503
2929 11.298 0.118894646430788 1 -0.00630761596508392
2930 11.298 0.112591666787118 1 -0.0063029796436702
2931 11.298 0.106293320057001 1 -0.00629834673011713
2932 11.298 0.0999996028350813 1 -0.00629371722191982
2933 11.298 0.0937105117185061 1 -0.00628909111657519
2934 11.298 0.0874260433069241 1 -0.00628446841158206
2935 11.298 0.081146194202483 1 -0.00627984910444102
2936 11.298 0.0748709610098285 1 -0.00627523319265452
2937 11.298 0.0686003403361016 1 -0.0062706206737269
2938 11.298 0.0623343287909374 1 -0.00626601154516424
2939 11.298 0.0560729229864628 1 -0.00626140580447453
2940 11.298 0.0498161195372953 1 -0.00625680344916755
2941 11.298 0.0435639150605404 1 -0.00625220447675493
2942 11.298 0.0373163061757902 1 -0.00624760888475012
2943 11.298 0.0310732895051218 1 -0.00624301667066841
2944 11.298 0.0248348616730949 1 -0.00623842783202689
2945 11.298 0.0186010193067504 1 -0.0062338423663445
2946 11.298 0.0123717590356084 1 -0.006229260271142
2947 11.298 0.00614707749166648 1 -0.00622468154394196
2948 11.298 0 1 -0.00614707749166648
2949 11.298 0 1 0
2950 11.298 0 1 0
2951 11.298 0 1 0
2952 11.298 0 1 0
2953 11.298 0 1 0
2954 11.298 0 1 0
2955 11.298 0 1 0
2956 11.298 0 1 0
2957 11.298 0 1 0
2958 11.298 0 1 0
2959 11.298 0 1 0
2960 11.298 0 1 0
2961 11.298 0 1 0
2962 11.298 0 1 0
2963 11.298 0 1 0
2964 11.298 0 1 0
2965 11.298 0 1 0
2966 11.298 0 1 0
2967 11.298 0 1 0
2968 11.298 0 1 0
2969 11.298 0 1 0
2970 11.298 0 1 0
2971 11.298 0 1 0
2972 11.298 0 1 0
2973 11.298 0 1 0
2974 11.298 0 1 0
2975 11.298 0 1 0
2976 11.298 0 1 0
2977 11.298 0 1 0
2978 11.298 0 1 0
2979 11.298 0 1 0
2980 11.298 0 1 0
2981 11.298 0 1 0
2982 11.298 0 1 0
2983 11.298 0 1 0
2984 11.298 0 1 0
2985 11.298 0 1 0
2986 11.298 0 1 0
2987 11.298 0 1 0
2988 11.298 0 1 0
2989 11.298 0 1 0
2990 11.298 0 1 0
2991 11.298 0 1 0
2992 11.298 0 1 0
2993 11.298 0 1 0
2994 11.298 0 1 0
2995 11.298 0 1 0
2996 11.298 0 1 0
2997 11.298 0 1 0
2998 11.298 0 1 0
2999 11.298 0 1 0
3000 11.298 0 1 0
