"t" "Tt" "Vt" "dt" "Vdt"
2006 0.632 7.208 1 NA
2007 0.627 7.20794603619896 1 -5.39638010446097e-05
2008 0.637 7.20789066416899 1 -5.53720299629745e-05
2009 0.662 7.20783169087045 1 -5.89732985423197e-05
2010 0.697 7.20776748348824 1 -6.42073822145761e-05
2011 0.736 7.20769717779849 1 -7.03056897437548e-05
2012 0.774 7.20762065820133 1 -7.65195971625943e-05
2013 0.806 7.2075386961087 1 -8.19620926266751e-05
2014 0.834 7.20745181342278 1 -8.68826859257155e-05
2015 0.858 7.20736059481165 1 -9.1218611127708e-05
2016 0.881 7.20726511778462 1 -9.54770270276128e-05
2017 0.908 7.20716451165977 1 -0.000100606124854075
2018 0.936 7.20705843755373 1 -0.000106074106040133
2019 0.965 7.20694653933084 1 -0.000111898222886708
2020 1.002 7.2068269702288 1 -0.000119569102038142
2021 1.048 7.20669748617175 1 -0.000129484057054263
2022 1.096 7.20655720563879 1 -0.000140280532955117
2023 1.141 7.20640638193348 1 -0.000150823705316938
2024 1.183 7.20624534657735 1 -0.000161035356128103
2025 1.22 7.2060750161645 1 -0.000170330412846198
2026 1.254 7.2058958954696 1 -0.000179120694904888
2027 1.288 7.20570774389533 1 -0.00018815157426566
2028 1.325 7.20550948843773 1 -0.000198255457604546
2029 1.364 7.20530026931392 1 -0.000209219123804338
2030 1.405 7.20507917446522 1 -0.000221094848697589
2031 1.454 7.20484341043333 1 -0.000235764031898178
2032 1.514 7.20458897074283 1 -0.000254439690496433
2033 1.572 7.2043157267926 1 -0.000273243950231539
2034 1.629 7.20402327516355 1 -0.00029245162904612
2035 1.683 7.20371195523863 1 -0.000311319924923836
2036 1.732 7.20338294450972 1 -0.000329010728913559
2037 1.777 7.20303720604326 1 -0.00034573846645447
2038 1.824 7.20267349702522 1 -0.000363709018039948
2039 1.87 7.20229170363242 1 -0.000381793392796759
2040 1.918 7.20189050964509 1 -0.000401193987329407
2041 1.964 7.20147021451955 1 -0.000420295125547199
2042 2.019 7.20102641089971 1 -0.000443803619835315
2043 2.08 7.20055567701233 1 -0.000470733887386388
2044 2.139 7.20005803621625 1 -0.000497640796077725
2045 2.196 7.19953359052981 1 -0.000524445686435726
2046 2.242 7.19898693902477 1 -0.000546651505044515
2047 2.279 7.19842205838561 1 -0.000564880639155163
2048 2.308 7.19784266798985 1 -0.000579390395760271
2049 2.339 7.19724752986206 1 -0.000595138127795103
2050 2.377 7.19663273995175 1 -0.000614789910303948
2051 2.422 7.19599418811341 1 -0.00063855183834427
2052 2.469 7.19533026068266 1 -0.000663927430744948
2053 2.526 7.19463477107295 1 -0.00069548960971666
2054 2.588 7.19390397748793 1 -0.000730793585018041
2055 2.654 7.19313447969514 1 -0.000769497792788343
2056 2.721 7.19232450133317 1 -0.000809978361966834
2057 2.784 7.19147536616614 1 -0.000849135167035442
2058 2.846 7.19058664691599 1 -0.000888719250151659
2059 2.92 7.18964926778111 1 -0.000937379134882121
2060 2.997 7.18865963438545 1 -0.000989633395652056
2061 3.082 7.18761036058837 1 -0.00104927379708641
2062 3.171 7.1864964245745 1 -0.00111393601386922
2063 3.259 7.18531631214725 1 -0.00118011242724503
2064 3.357 7.18405980844887 1 -0.00125650369838581
2065 3.448 7.18272985239409 1 -0.00132995605477593
2066 3.536 7.18132652523937 1 -0.00140332715471736
2067 3.62 7.17985100168444 1 -0.00147552355493197
2068 3.692 7.17831195491776 1 -0.00153904676667871
2069 3.756 7.17671517127692 1 -0.00159678364084304
2070 3.815 7.17506409342727 1 -0.00165107784965368
2071 3.869 7.17336243561484 1 -0.00170165781242204
2072 3.92 7.17161221948394 1 -0.00175021613090642
2073 3.968 7.16981560851703 1 -0.00179661096691142
2074 4.016 7.16797189317939 1 -0.00184371533763894
2075 4.073 7.1660711799316 1 -0.00190071324778529
2076 4.136 7.164106199837 1 -0.00196498009460289
2077 4.201 7.16207356395609 1 -0.00203263588090596
2078 4.266 7.15997191848049 1 -0.00210164547559888
2079 4.328 7.15780322231952 1 -0.00216869616097171
2080 4.387 7.15556961387408 1 -0.00223360844544196
2081 4.446 7.15326996638844 1 -0.0022996474856436
2082 4.506 7.15090198088097 1 -0.00236798550746631
2083 4.57 7.14845972580534 1 -0.00244225507563378
2084 4.635 7.14594063614609 1 -0.00251908965924663
2085 4.703 7.14333960183899 1 -0.00260103430710235
2086 4.779 7.14064498320612 1 -0.00269461863287113
2087 4.865 7.13784190022804 1 -0.00280308297808052
2088 4.95 7.13492912289359 1 -0.00291277733444861
2089 5.033 7.1319068498783 1 -0.0030222730152909
2090 5.111 7.12877959521089 1 -0.00312725466741082
2091 5.18 7.12555792357548 1 -0.00322167163540232
2092 5.244 7.12224734622484 1 -0.00331057735064721
2093 5.31 7.11884353226436 1 -0.00340381396047285
2094 5.375 7.11534644431005 1 -0.00349708795431436
2095 5.441 7.11175310053647 1 -0.00359334377358334
2096 5.505 7.10806503284378 1 -0.00368806769268204
2097 5.574 7.1042730244181 1 -0.00379200842568395
2098 5.652 7.10036111642398 1 -0.00391190799411589
2099 5.727 7.09633195754506 1 -0.00402915887891986
2100 5.8 7.09218680319334 1 -0.00414515435172813
2101 5.869 7.08793041550397 1 -0.00425638768936398
2102 5.933 7.08356956927482 1 -0.00436084622915445
2103 5.996 7.07910452324487 1 -0.00446504602994668
2104 6.063 7.07452686862359 1 -0.00457765462128013
2105 6.131 7.06983320747963 1 -0.00469366114396497
2106 6.199 7.06502186133011 1 -0.00481134614951095
2107 6.267 7.0600911482381 1 -0.0049307130920182
2108 6.338 7.05503380498491 1 -0.00505734325318752
2109 6.414 7.04983852621873 1 -0.00519527876617953
2110 6.485 7.04451276787761 1 -0.00532575834111881
2111 6.552 7.03906246612407 1 -0.00545030175353656
2112 6.611 7.03350177590724 1 -0.00556069021683037
2113 6.664 7.02784143369519 1 -0.00566034221204958
2114 6.715 7.02208449904788 1 -0.00575693464731586
2115 6.767 7.01622804545661 1 -0.00585645359127263
2116 6.823 7.01026290586253 1 -0.00596513959407297
2117 6.88 7.00418589694432 1 -0.00607700891821406
2118 6.941 6.99798743868065 1 -0.00619845826366827
2119 7.009 6.99165123563108 1 -0.00633620304956928
2120 7.084 6.98516039699992 1 -0.00649083863116484
2121 7.159 6.97851280577675 1 -0.00664759122316827
2122 7.23 6.9717152876439 1 -0.00679751813285279
2123 7.297 6.964775029255 1 -0.00694025838889267
2124 7.358 6.95770414017347 1 -0.00707088908153697
2125 7.414 6.95051287770927 1 -0.00719126246419499
2126 7.471 6.94319782268391 1 -0.00731505502535867
2127 7.532 6.93574839125881 1 -0.0074494314251039
2128 7.601 6.92814411063281 1 -0.00760428062599505
2129 7.671 6.92038080615651 1 -0.00776330447630524
2130 7.748 6.91243944821544 1 -0.00794135794106587
2131 7.832 6.90430030132374 1 -0.00813914689170137
2132 7.907 6.89598347138687 1 -0.00831682993687188
2133 7.97 6.88751764920639 1 -0.00846582218047853
2134 8.017 6.8789428443649 1 -0.00857480484148887
2135 8.047 6.87030258777441 1 -0.00864025659049172
2136 8.068 6.86162015159645 1 -0.00868243617795983
2137 8.084 6.85290854926809 1 -0.00871160232836221
2138 8.106 6.84415210541006 1 -0.00875644385802854
2139 8.139 6.83532188474065 1 -0.0088302206694042
2140 8.18 6.8263964952289 1 -0.00892538951175226
2141 8.235 6.81733814137416 1 -0.00905835385474507
2142 8.303 6.80811075991458 1 -0.00922738145957691
2143 8.372 6.79870997646894 1 -0.0094007834456411
2144 8.44 6.78913686372204 1 -0.00957311274690209
2145 8.49 6.77944005436497 1 -0.00969680935706929
2146 8.524 6.76966370310862 1 -0.00977635125634624
2147 8.543 6.75984975889291 1 -0.0098139442157148
2148 8.554 6.75002072771768 1 -0.00982903117522849
2149 8.566 6.74017383879535 1 -0.00984688892232555
2150 8.585 6.73028941640824 1 -0.00988442238711507
2151 8.607 6.72035899705879 1 -0.00993041934944827
2152 8.643 6.71034284112238 1 -0.0100161559364089
2153 8.692 6.70020351221177 1 -0.0101393289106086
2154 8.749 6.68991724404853 1 -0.0102862681632452
2155 8.806 6.67948302759624 1 -0.0104342164522819
2156 8.859 6.66891161897488 1 -0.0105714086213649
2157 8.9 6.6582377122723 1 -0.0106739067025829
2158 8.931 6.64749064203018 1 -0.0107470702421173
2159 8.956 6.6366881573042 1 -0.0108024847259829
2160 8.974 6.6258511242887 1 -0.010837033015501
2161 8.991 6.61498257049068 1 -0.010868553798014
2162 9.005 6.60409151582222 1 -0.0108910546684644
2163 9.028 6.59315104751105 1 -0.0109404683111647
2164 9.06 6.58213408694082 1 -0.0110169605702319
2165 9.094 6.57103445223475 1 -0.0110996347060741
2166 9.126 6.55985804886721 1 -0.0111764033675357
2167 9.157 6.54860780090835 1 -0.0112502479588583
2168 9.188 6.53728360437011 1 -0.0113241965382418
2169 9.219 6.52588535818649 1 -0.0113982461836226
2170 9.249 6.51441605034842 1 -0.0114693078380643
2171 9.284 6.50286010978083 1 -0.0115559405675896
2172 9.317 6.49122359016335 1 -0.011636519617487
2173 9.348 6.47951261582155 1 -0.0117109743417947
2174 9.383 6.46771454751923 1 -0.0117980683023262
2175 9.422 6.45581660330948 1 -0.0118979442097427
2176 9.455 6.44383754998709 1 -0.0119790533223894
2177 9.484 6.43178999823157 1 -0.0120475517555256
2178 9.506 6.41969623035583 1 -0.0120937678757365
2179 9.522 6.40757544436656 1 -0.0121207859892678
2180 9.536 6.39543410029082 1 -0.0121413440757427
2181 9.55 6.38327227110651 1 -0.0121618291843095
2182 9.571 6.37106762667174 1 -0.012204644434771
2183 9.597 6.35880417134819 1 -0.0122634553235548
2184 9.627 6.34646902932135 1 -0.0123351420268349
2185 9.667 6.33402978937463 1 -0.0124392399467173
2186 9.711 6.32147316867394 1 -0.0125566207006953
2187 9.752 6.3088086344485 1 -0.0126645342254399
2188 9.79 6.29604579531552 1 -0.0127628391329777
2189 9.819 6.28321420838441 1 -0.0128315869311102
2190 9.836 6.27035358034127 1 -0.0128606280431427
2191 9.849 6.25747723308688 1 -0.0128763472543847
2192 9.859 6.24459517424168 1 -0.0128820588451992
2193 9.871 6.23170085195459 1 -0.0128943222870914
2194 9.885 6.2187877214807 1 -0.0129131304738923
2195 9.9 6.20585255345174 1 -0.0129351680289576
2196 9.926 6.19285891281303 1 -0.0129936406387143
2197 9.96 6.17978016340452 1 -0.0130787494085087
2198 9.995 6.16661287699491 1 -0.0131672864096064
2199 10.026 6.15337041197457 1 -0.0132424650203475
2200 10.053 6.14006623994862 1 -0.0133041720259435
2201 10.072 6.12672742647462 1 -0.0133388134740073
2202 10.085 6.1133743410664 1 -0.0133530854082125
2203 10.098 6.10000707094512 1 -0.013367270121285
2204 10.112 6.08662232272489 1 -0.0133847482202256
2205 10.126 6.07322018820276 1 -0.013402134522134
2206 10.139 6.05980414433096 1 -0.0134160438717998
2207 10.162 6.04634039163998 1 -0.0134637526909813
2208 10.191 6.03280861025797 1 -0.0135317813820057
2209 10.218 6.01921564938001 1 -0.0135929608779604
2210 10.24 6.0055786550485 1 -0.0136369943315069
2211 10.253 5.99192851061309 1 -0.0136501444354158
2212 10.261 5.97828240013386 1 -0.0136461104792236
2213 10.264 5.96465744570777 1 -0.0136249544260982
2214 10.268 5.9510502206228 1 -0.0136072250849644
2215 10.277 5.93744368889341 1 -0.0136065317293887
2216 10.291 5.92382086809492 1 -0.0136228207984974
2217 10.31 5.91016478793111 1 -0.013656080163801
2218 10.339 5.89644133216192 1 -0.013723455769191
2219 10.374 5.88262991878118 1 -0.0138114133807425
2220 10.404 5.86874774763405 1 -0.0138821711471362
2221 10.422 5.85483632603458 1 -0.0139114215994702
2222 10.431 5.84092769642539 1 -0.0139086296091833
2223 10.433 5.82704690329907 1 -0.013880793126317
2224 10.43 5.81320688541266 1 -0.0138400178864186
2225 10.431 5.79939714985246 1 -0.0138097355601952
2226 10.439 5.78559954433641 1 -0.0137976055160554
2227 10.452 5.77180121365431 1 -0.0137983306820928
2228 10.471 5.75798679786194 1 -0.0138144157923694
2229 10.498 5.74413584115565 1 -0.0138509567062943
2230 10.529 5.73023826325935 1 -0.0138975778962971
2231 10.554 5.71630983049324 1 -0.0139284327661162
2232 10.571 5.70237142895634 1 -0.0139384015368949
2233 10.579 5.68844641741089 1 -0.0139250115454495
2234 10.579 5.67455541030534 1 -0.01389100710555
2235 10.579 5.66069832460192 1 -0.0138570857034219
2236 10.585 5.64685973283039 1 -0.0138385917715302
2237 10.598 5.63302177742969 1 -0.013837955400696
2238 10.617 5.61916926502527 1 -0.0138525124044229
2239 10.643 5.60528451981851 1 -0.0138847452067647
2240 10.673 5.59135757759698 1 -0.0139269422215262
2241 10.703 5.57738871271069 1 -0.0139688648862935
2242 10.724 5.56340118734449 1 -0.0139875253661925
2243 10.733 5.54942581369666 1 -0.0139753736478374
2244 10.736 5.53547791896562 1 -0.0139478947310367
2245 10.735 5.52156761713256 1 -0.0139103018330626
2246 10.738 5.50768468040722 1 -0.0138829367253415
2247 10.744 5.49382150047898 1 -0.0138631799282338
2248 10.755 5.47996548991732 1 -0.0138560105616623
2249 10.773 5.46609911206368 1 -0.0138663778536383
2250 10.79 5.45222506555056 1 -0.0138740465131173
2251 10.8 5.43836111675095 1 -0.0138639487996155
2252 10.807 5.42451487031484 1 -0.0138462464361124
2253 10.811 5.41069386830781 1 -0.0138210020070257
2254 10.813 5.39690308763738 1 -0.0137907806704307
2255 10.816 5.38313998498304 1 -0.0137631026543374
2256 10.82 5.36940204046851 1 -0.0137379445145269
2257 10.826 5.35568427647011 1 -0.0137177639984092
2258 10.832 5.3419867094637 1 -0.013697567006405
2259 10.837 5.32831182620828 1 -0.0136748832554181
2260 10.841 5.31466209134734 1 -0.013649734860941
2261 10.842 5.30104486483819 1 -0.0136172265091519
2262 10.844 5.28745762295554 1 -0.0135872418826475
2263 10.846 5.27390031313627 1 -0.0135573098192747
2264 10.849 5.26037044150927 1 -0.0135298716270009
2265 10.854 5.24686310113789 1 -0.0135073403713779
2266 10.861 5.23337342854864 1 -0.0134896725892482
2267 10.866 5.21990630845975 1 -0.0134671200888903
2268 10.871 5.20646173986626 1 -0.0134445685934894
2269 10.875 5.19304213766798 1 -0.013419602198284
2270 10.878 5.17964989433863 1 -0.0133922433293474
2271 10.879 5.16628978380187 1 -0.0133601105367607
2272 10.878 5.15296653163861 1 -0.0133232521632616
2273 10.878 5.13967763857165 1 -0.0132888930669601
2274 10.881 5.12641585833924 1 -0.013261780232404
2275 10.888 5.11317163155391 1 -0.0132442267853339
2276 10.897 5.09994023436986 1 -0.0132313971840503
2277 10.906 5.08672172708282 1 -0.0132185072870437
2278 10.914 5.07351853853984 1 -0.0132031885429758
2279 10.922 5.06033071381384 1 -0.0131878247259998
2280 10.928 5.04716301681213 1 -0.0131676970017063
2281 10.935 5.03401310675329 1 -0.0131499100588446
2282 10.939 5.02088806187769 1 -0.0131250448755971
2283 10.943 5.00778786304173 1 -0.0131001988359598
2284 10.948 4.99471015216187 1 -0.0130777108798616
2285 10.951 4.98165959383379 1 -0.0130505583280822
2286 10.957 4.96862916684257 1 -0.0130304269912207
2287 10.963 4.95561888419228 1 -0.0130102826502894
2288 10.965 4.94263803292593 1 -0.0129808512663523
2289 10.965 4.9296911839716 1 -0.0129468489543232
2290 10.963 4.91678285985876 1 -0.0129083241128392
2291 10.963 4.90390833600342 1 -0.0128745238553423
2292 10.965 4.89106293642345 1 -0.0128453995799687
2293 10.969 4.87824203097995 1 -0.0128209054435002
2294 10.974 4.86544331657316 1 -0.0127987144067943
2295 10.983 4.8526576730601 1 -0.0127856435130616
2296 10.993 4.83988288198201 1 -0.0127747910780851
2297 11 4.8271258284807 1 -0.0127570535013133
2298 11.004 4.81439333832922 1 -0.0127324901514756
2299 11.006 4.80168991239576 1 -0.012703425933462
2300 11.006 4.78902000616439 1 -0.0126699062313715
2301 11.005 4.77638577948707 1 -0.0126342266773198
2302 11.004 4.76378712615631 1 -0.0125986533307563
2303 11.005 4.7512194679889 1 -0.0125676581674092
2304 11.007 4.7386805040795 1 -0.012538963909404
2305 11.01 4.72616795602754 1 -0.0125125480519568
2306 11.013 4.71368178759796 1 -0.0124861684295796
2307 11.015 4.70122417745105 1 -0.012457610146912
2308 11.017 4.6887950727645 1 -0.0124291046865466
2309 11.019 4.67639442078145 1 -0.0124006519830591
2310 11.021 4.66402216881042 1 -0.0123722519710272
2311 11.023 4.65167826422538 1 -0.0123439045850349
2312 11.027 4.63935827886244 1 -0.0123199853629474
2313 11.032 4.62706000959597 1 -0.0122982692664699
2314 11.036 4.61478563019266 1 -0.012274379403304
2315 11.039 4.60253729350879 1 -0.0122483366838724
2316 11.041 4.59031713099771 1 -0.0122201625110785
2317 11.042 4.57812725223677 1 -0.0121898787609442
2318 11.041 4.56597190064458 1 -0.0121553515921828
2319 11.041 4.55384882263594 1 -0.012123078008643
2320 11.042 4.54175578778466 1 -0.0120930348512838
2321 11.044 4.52969058810415 1 -0.0120651996805057
2322 11.046 4.51765317165244 1 -0.0120374164517099
2323 11.049 4.50564135754306 1 -0.0120118141093846
2324 11.052 4.4936551100076 1 -0.0119862475354591
2325 11.053 4.48169863074246 1 -0.0119564792651383
2326 11.054 4.46977185164206 1 -0.0119267791004027
2327 11.054 4.45787681230629 1 -0.0118950393357666
2328 11.054 4.44601342826871 1 -0.0118633840375777
2329 11.056 4.43417742237732 1 -0.011836005891392
2330 11.058 4.4223687433568 1 -0.0118086790205165
2331 11.063 4.41058108047908 1 -0.0117876628777269
2332 11.068 4.39881442878264 1 -0.0117666516964334
2333 11.073 4.38706878320738 1 -0.0117456455752647
2334 11.076 4.37534828397488 1 -0.0117204992325037
2335 11.078 4.36365496293951 1 -0.0116933210353629
2336 11.079 4.35199083094508 1 -0.0116641319944346
2337 11.079 4.3403578773954 1 -0.0116329535496815
2338 11.078 4.32875806984301 1 -0.0115998075523818
2339 11.078 4.31718926331383 1 -0.0115688065291817
2340 11.077 4.30565341472149 1 -0.0115358485923389
2341 11.079 4.29414432195909 1 -0.0115090927624051
2342 11.082 4.28265990497371 1 -0.0114844169853754
2343 11.084 4.27120215346525 1 -0.0114577515084626
2344 11.089 4.25976495760766 1 -0.0114371958575914
2345 11.092 4.24835234282216 1 -0.011412614785498
2346 11.096 4.2369622636467 1 -0.0113900791754613
2347 11.098 4.22559871131575 1 -0.0113635523309474
2348 11.1 4.21426163551665 1 -0.0113370757991067
2349 11.103 4.202948990469 1 -0.0113126450476431
2350 11.105 4.19166273188751 1 -0.0112862585814932
2351 11.109 4.18039883803181 1 -0.0112638938556948
2352 11.109 4.16916521266691 1 -0.0112336253649055
2353 11.11 4.1579597990574 1 -0.0112054136095079
2354 11.11 4.14678450209901 1 -0.01117529695839
2355 11.109 4.13564120564084 1 -0.0111432964581697
2356 11.109 4.12452785360247 1 -0.0111133520383691
2357 11.111 4.11344045684905 1 -0.0110873967534246
2358 11.113 4.1023789659605 1 -0.0110614908885482
2359 11.116 4.09134138680042 1 -0.011037579160079
2360 11.121 4.08032380428811 1 -0.0110175825123093
2361 11.127 4.0693242764078 1 -0.0109995278803146
2362 11.131 4.05834667487289 1 -0.0109776015349077
2363 11.136 4.04738905225089 1 -0.0109576226219978
2364 11.138 4.03645717075305 1 -0.0109318814978421
2365 11.139 4.02555289854697 1 -0.0109042722060773
2366 11.14 4.01467617125223 1 -0.0108767272947405
2367 11.139 4.00383073924622 1 -0.010845432006013
2368 11.139 3.99301460559215 1 -0.0108161336540715
2369 11.141 3.98222389710243 1 -0.0107907084897212
2370 11.143 3.97145856493332 1 -0.0107653321691039
2371 11.144 3.96072044783112 1 -0.0107381171022025
2372 11.145 3.95000948226487 1 -0.0107109655662541
2373 11.149 3.93931997136124 1 -0.0106895109036214
2374 11.152 3.92865376868756 1 -0.0106662026736863
2375 11.154 3.91801270894434 1 -0.0106410597432212
2376 11.157 3.90739487955782 1 -0.0106178293865158
2377 11.159 3.89680210597032 1 -0.0105927735874967
2378 11.161 3.88623433979148 1 -0.0105677661788435
2379 11.163 3.87569153269596 1 -0.0105428070955207
2380 11.166 3.86517179101594 1 -0.0105197416800209
2381 11.168 3.8546769216597 1 -0.0104948693562417
2382 11.171 3.84420504025793 1 -0.0104718814017635
2383 11.171 3.83376160749203 1 -0.0104434327659058
2384 11.174 3.82334106638744 1 -0.0104205411045837
2385 11.176 3.8129452053439 1 -0.0103958610435413
2386 11.177 3.80257579389938 1 -0.0103694114445227
2387 11.179 3.79223095720429 1 -0.0103448366950918
2388 11.181 3.78191064751796 1 -0.0103203096863314
2389 11.185 3.77161120981496 1 -0.0102994377029959
2390 11.187 3.76133622285218 1 -0.0102749869627812
2391 11.189 3.75108563901863 1 -0.0102505838335496
2392 11.191 3.74085941076828 1 -0.0102262282503474
2393 11.192 3.73065927604413 1 -0.0102001347241489
2394 11.195 3.72048161171098 1 -0.0101776643331553
2395 11.197 3.71032816072405 1 -0.0101534509869294
2396 11.198 3.70020064757857 1 -0.0101275131454783
2397 11.2 3.6900972439054 1 -0.0101034036731718
2398 11.202 3.68001790257981 1 -0.0100793413255893
2399 11.203 3.6699643346177 1 -0.0100535679621148
2400 11.205 3.65993472564591 1 -0.0100296089717831
2401 11.206 3.64993077770555 1 -0.0100039479403642
2402 11.208 3.63995068576389 1 -0.00998009194166194
2403 11.209 3.6299961429292 1 -0.00995454283468966
2404 11.21 3.62006708870584 1 -0.00992905422335566
2405 11.211 3.61016346272829 1 -0.00990362597754935
2406 11.211 3.60028693067058 1 -0.00987653205771322
2407 11.214 3.59043225439531 1 -0.0098546762752636
2408 11.216 3.58060111825739 1 -0.00983113613792552
2409 11.219 3.57079176320736 1 -0.00980935505002822
2410 11.221 3.56100586499381 1 -0.0097858982135528
2411 11.227 3.55123655982351 1 -0.00976930517030228
2412 11.229 3.54149065550969 1 -0.0097459043138115
2413 11.232 3.53176640989013 1 -0.00972424561956409
2414 11.233 3.52206717363385 1 -0.00969923625628466
2415 11.234 3.51239288721377 1 -0.00967428642007429
2416 11.236 3.50274180854377 1 -0.00965107867000414
2417 11.234 3.49312060433588 1 -0.00962120420788581
2418 11.234 3.4835258273029 1 -0.00959477703298406
2419 11.235 3.47395573614255 1 -0.00957009116034735
2420 11.236 3.46441027207227 1 -0.009545464070285
2421 11.236 3.45489103628214 1 -0.00951923579012348
2422 11.239 3.4453929904176 1 -0.00949804586453951
2423 11.241 3.43591775371946 1 -0.00947523669814565
2424 11.242 3.42646692812722 1 -0.00945082559224053
2425 11.245 3.41703716994613 1 -0.00942975818108849
2426 11.247 3.40763008578594 1 -0.00940708416018543
2427 11.251 3.39824236159737 1 -0.00938772418857159
2428 11.255 3.38887397783401 1 -0.00936838376335736
2429 11.257 3.37952816830439 1 -0.0093458095296195
2430 11.256 3.37020975457258 1 -0.00931841373181053
2431 11.256 3.36091703461521 1 -0.00929271995736825
2432 11.254 3.35165316329902 1 -0.0092638713161981
2433 11.252 3.34241804273717 1 -0.00923512056184705
2434 11.251 3.33320997204927 1 -0.00920807068789742
2435 11.25 3.32402886772819 1 -0.00918110432108321
2436 11.25 3.31487305214597 1 -0.00915581558222156
2437 11.252 3.30573927523283 1 -0.0091337769131381
2438 11.256 3.29662432050482 1 -0.00911495472800583
2439 11.261 3.28752658612734 1 -0.00909773437748207
2440 11.267 3.27844448564365 1 -0.00908210048368918
2441 11.27 3.2693827499344 1 -0.00906173570925706
2442 11.272 3.26034291895264 1 -0.00903983098175454
2443 11.272 3.25132808306948 1 -0.0090148358831601
2444 11.27 3.24234129804937 1 -0.00898678502011485
2445 11.27 3.2333793528187 1 -0.0089619452306704
2446 11.267 3.22444683914471 1 -0.00893251367398928
2447 11.264 3.21554364871626 1 -0.00890319042844734
2448 11.262 3.2066681296922 1 -0.00887551902405859
2449 11.261 3.19781864851255 1 -0.00884948117964779
2450 11.262 3.1889920538987 1 -0.00882659461385105
2451 11.264 3.18018675954992 1 -0.00880529434878063
2452 11.268 3.17139966761702 1 -0.00878709193289895
2453 11.27 3.1626338075446 1 -0.00876586007242652
2454 11.276 3.15388305613964 1 -0.00875075140495252
2455 11.279 3.14515196795597 1 -0.00873108818367285
2456 11.284 3.13643748661352 1 -0.0087144813424529
2457 11.29 3.12773809513168 1 -0.00869939148183407
2458 11.291 3.11906132715675 1 -0.008676767974928
2459 11.292 3.11040712816218 1 -0.00865419899457986
2460 11.288 3.10178292999118 1 -0.00862419817099758
2461 11.285 3.09318712179956 1 -0.0085958081916151
2462 11.282 3.08461959889059 1 -0.00856752290897722
2463 11.28 3.0760787735698 1 -0.0085408253207806
2464 11.276 3.06756751292833 1 -0.00851126064147767
2465 11.275 3.05908127696256 1 -0.00848623596576736
2466 11.278 3.05061410537798 1 -0.00846717158458343
2467 11.281 3.04216596871315 1 -0.00844813666482258
2468 11.286 3.03373391011059 1 -0.00843205860256413
2469 11.29 3.02531938278511 1 -0.00841452732547943
2470 11.295 3.01692091172402 1 -0.00839847106109159
2471 11.298 3.00854139631723 1 -0.00837951540679294
2472 11.299 3.00018370584333 1 -0.00835769047389068
2473 11.3 2.99184778761004 1 -0.00833591823329227
2474 11.296 2.98354079493404 1 -0.0083069926760051
2475 11.294 2.97525974045895 1 -0.00828105447508865
2476 11.289 2.96700883230146 1 -0.00825090815749308
2477 11.285 2.95878651649119 1 -0.00822231581026989
2478 11.281 2.95059268010615 1 -0.00819383638503668
2479 11.278 2.94242579199931 1 -0.00816688810683752
2480 11.274 2.93428716729513 1 -0.00813862470418547
2481 11.273 2.92617246406999 1 -0.00811470322513896
2482 11.275 2.91807738876945 1 -0.0080950753005351
2483 11.279 2.90999909589853 1 -0.00807829287091977
2484 11.284 2.90193616822886 1 -0.0080629276696742
2485 11.293 2.89388301113974 1 -0.0080531570891198
2486 11.299 2.88584384022975 1 -0.00803917090998452
2487 11.307 2.87781587676845 1 -0.00802796346130652
2488 11.308 2.8698088585077 1 -0.00800701826074235
2489 11.309 2.86182273478147 1 -0.00798612372623442
2490 11.305 2.85386435313846 1 -0.00795838164300999
2491 11.3 2.84593497873037 1 -0.00792937440808572
2492 11.294 2.83803586012893 1 -0.00789911860144255
2493 11.286 2.83016959479861 1 -0.00786626533032564
2494 11.277 2.82233738422467 1 -0.00783221057393479
2495 11.27 2.81453634456388 1 -0.0078010396607886
2496 11.268 2.80675957185269 1 -0.00777677271119392
2497 11.27 2.79900158981245 1 -0.00775798204024269
2498 11.275 2.79125832487709 1 -0.00774326493535993
2499 11.286 2.78352171418184 1 -0.00773661069524545
2500 11.298 2.77579046640584 1 -0.0077312477759981
2501 11.298 2.76808069221558 1 -0.00770977419026364
2502 11.298 2.76039233196804 1 -0.00768836024753838
2503 11.298 2.75272532618588 1 -0.00766700578216373
2504 11.298 2.74507961555694 1 -0.00764571062894115
2505 11.298 2.73745514093381 1 -0.00762447462313087
2506 11.298 2.72985184333336 1 -0.00760329760045009
2507 11.298 2.72226966393628 1 -0.0075821793970734
2508 11.298 2.71470854408665 1 -0.00756111984962926
2509 11.298 2.70716842529145 1 -0.00754011879520133
2510 11.298 2.69964924922013 1 -0.00751917607132402
2511 11.298 2.69215095770414 1 -0.00749829151598469
2512 11.298 2.68467349273652 1 -0.00747746496761925
2513 11.298 2.67721679647141 1 -0.00745669626511303
2514 11.298 2.66978081122361 1 -0.00743598524779898
2515 11.298 2.66236547946815 1 -0.00741533175545639
2516 11.298 2.65497074383985 1 -0.00739473562830906
2517 11.298 2.64759654713282 1 -0.00737419670702488
2518 11.298 2.64024283230011 1 -0.00735371483271408
2519 11.298 2.63290954245318 1 -0.00733328984692871
2520 11.298 2.62559662086152 1 -0.00731292159166008
2521 11.298 2.61830401095218 1 -0.00729260990933955
2522 11.298 2.61103165630934 1 -0.0072723546428346
2523 11.298 2.60377950067389 1 -0.00725215563545056
2524 11.298 2.59654748794297 1 -0.00723201273092711
2525 11.298 2.58933556216953 1 -0.00721192577343821
2526 11.298 2.58214366756194 1 -0.00719189460759084
2527 11.298 2.57497174848351 1 -0.00717191907842318
2528 11.298 2.56781974945211 1 -0.00715199903140418
2529 11.298 2.56068761513968 1 -0.0071321343124322
2530 11.298 2.55357529037185 1 -0.00711232476783241
2531 11.298 2.54648272012749 1 -0.0070925702443585
2532 11.298 2.5394098495383 1 -0.00707287058918826
2533 11.298 2.53235662388837 1 -0.00705322564992494
2534 11.298 2.52532298861378 1 -0.00703363527459544
2535 11.298 2.51830888930213 1 -0.0070140993116472
2536 11.298 2.51131427169218 1 -0.00699461760994957
2537 11.298 2.50433908167339 1 -0.00697519001879243
2538 11.298 2.49738326528551 1 -0.00695581638788267
2539 11.298 2.49044676871816 1 -0.00693649656734552
2540 11.298 2.48352953831044 1 -0.0069172304077223
2541 11.298 2.47663152055047 1 -0.00689801775997001
2542 11.298 2.46975266207501 1 -0.00687885847545866
2543 11.298 2.46289290966904 1 -0.0068597524059717
2544 11.298 2.45605221026533 1 -0.0068406994037038
2545 11.298 2.44923051094407 1 -0.00682169932126087
2546 11.298 2.44242775893242 1 -0.00680275201165781
2547 11.298 2.4356439016041 1 -0.00678385732831721
2548 11.298 2.42887888647903 1 -0.00676501512506977
2549 11.298 2.42213266122288 1 -0.00674622525615165
2550 11.298 2.41540517364667 1 -0.00672748757620401
2551 11.298 2.4086963717064 1 -0.00670880194027124
2552 11.298 2.4020062035026 1 -0.00669016820380142
2553 11.298 2.39533461727996 1 -0.00667158622264319
2554 11.298 2.38868156142691 1 -0.00665305585304576
2555 11.298 2.38204698447525 1 -0.00663457695165759
2556 11.298 2.37543083509973 1 -0.0066161493755259
2557 11.298 2.36883306211763 1 -0.00659777298209452
2558 11.298 2.36225361448843 1 -0.00657944762920293
2559 11.298 2.35569244131334 1 -0.00656117317508542
2560 11.298 2.34914949183497 1 -0.00654294947837064
2561 11.298 2.34262471543689 1 -0.0065247763980798
2562 11.298 2.33611806164327 1 -0.00650665379362536
2563 11.298 2.32962948011846 1 -0.00648858152481058
2564 11.298 2.32315892066663 1 -0.00647055945182728
2565 11.298 2.31670633323137 1 -0.00645258743525678
2566 11.298 2.31027166789531 1 -0.00643466533606718
2567 11.298 2.30385487487969 1 -0.00641679301561249
2568 11.298 2.29745590454406 1 -0.00639897033563175
2569 11.298 2.29107470738581 1 -0.00638119715824859
2570 11.298 2.28471123403985 1 -0.00636347334596898
2571 11.298 2.27836543527816 1 -0.00634579876168173
2572 11.298 2.27203726200951 1 -0.00632817326865487
2573 11.298 2.26572666527897 1 -0.00631059673053747
2574 11.298 2.25943359626761 1 -0.0062930690113574
2575 11.298 2.25315800629209 1 -0.00627558997551914
2576 11.298 2.24689984680429 1 -0.00625815948780506
2577 11.298 2.24065906939092 1 -0.00624077741337192
2578 11.298 2.23443562577317 1 -0.00622344361775173
2579 11.298 2.22822946780632 1 -0.00620615796684998
2580 11.298 2.22204054747937 1 -0.00618892032694429
2581 11.298 2.21586881691469 1 -0.00617173056468401
2582 11.298 2.2097142283676 1 -0.00615458854708839
2583 11.298 2.20357673422605 1 -0.00613749414154663
2584 11.298 2.19745628701024 1 -0.00612044721581562
2585 11.298 2.19135283937222 1 -0.0061034476380204
2586 11.298 2.18526634409557 1 -0.00608649527665106
2587 11.298 2.179196754095 1 -0.00606959000056451
2588 11.298 2.17314402241602 1 -0.0060527316789809
2589 11.298 2.16710810223454 1 -0.00603592018148369
2590 11.298 2.16108894685652 1 -0.00601915537801823
2591 11.298 2.15508650971763 1 -0.0060024371388927
2592 11.298 2.14910074438285 1 -0.00598576533477324
2593 11.298 2.14313160454617 1 -0.00596913983668701
2594 11.298 2.13717904403015 1 -0.00595256051601867
2595 11.298 2.13124301678564 1 -0.00593602724450992
2596 11.298 2.12532347689138 1 -0.00591953989425908
2597 11.298 2.11942037855366 1 -0.00590309833771974
2598 11.298 2.11353367610596 1 -0.0058867024476994
2599 11.298 2.1076633240086 1 -0.00587035209735909
2600 11.298 2.10180927684839 1 -0.00585404716021198
2601 11.298 2.09597148933826 1 -0.00583778751012298
2602 11.298 2.09014991631696 1 -0.00582157302130648
2603 11.298 2.08434451274863 1 -0.0058054035683277
2604 11.298 2.07855523372253 1 -0.00578927902609827
2605 11.298 2.07278203445265 1 -0.00577319926987885
2606 11.298 2.06702487027738 1 -0.00575716417527605
2607 11.298 2.06128369665914 1 -0.005741173618242
2608 11.298 2.05555846918406 1 -0.00572522747507342
2609 11.298 2.04984914356165 1 -0.00570932562241033
2610 11.298 2.04415567562442 1 -0.00569346793723557
2611 11.298 2.03847802132754 1 -0.0056776542968735
2612 11.298 2.03281613674855 1 -0.00566188457898997
2613 11.298 2.02716997808696 1 -0.00564615866158968
2614 11.298 2.02153950166395 1 -0.00563047642301662
2615 11.298 2.01592466392199 1 -0.00561483774195226
2616 11.298 2.01032542142458 1 -0.00559924249741606
2617 11.298 2.00474173085582 1 -0.00558369056876185
2618 11.298 1.99917354902014 1 -0.00556818183568053
2619 11.298 1.99362083284194 1 -0.00555271617819564
2620 11.298 1.98808353936528 1 -0.00553729347666443
2621 11.298 1.9825616257535 1 -0.00552191361177656
2622 11.298 1.97705504928895 1 -0.00550657646455299
2623 11.298 1.9715637673726 1 -0.00549128191634529
2624 11.298 1.96608773752377 1 -0.00547602984883433
2625 11.298 1.96062691737974 1 -0.0054608201440296
2626 11.298 1.95518126469547 1 -0.00544565268426855
2627 11.298 1.94975073734325 1 -0.0054305273522155
2628 11.298 1.94433529331239 1 -0.00541544403086025
2629 11.298 1.93893489070887 1 -0.00540040260351793
2630 11.298 1.93354948775505 1 -0.00538540295382761
2631 11.298 1.92817904278929 1 -0.0053704449657519
2632 11.298 1.92282351426572 1 -0.0053555285235749
2633 11.298 1.91748286075382 1 -0.00534065351190316
2634 11.298 1.91215704093815 1 -0.00532581981566294
2635 11.298 1.90684601361805 1 -0.00531102732010047
2636 11.298 1.90154973770727 1 -0.00529627591078041
2637 11.298 1.89626817223369 1 -0.00528156547358583
2638 11.298 1.89100127633897 1 -0.00526689589471618
2639 11.298 1.88574900927828 1 -0.00525226706068738
2640 11.298 1.88051133041995 1 -0.00523767885833037
2641 11.298 1.87528819924516 1 -0.00522313117479034
2642 11.298 1.87007957534764 1 -0.00520862389752597
2643 11.298 1.86488541843333 1 -0.0051941569143088
2644 11.298 1.85970568832011 1 -0.0051797301132217
2645 11.298 1.85454034493745 1 -0.00516534338265884
2646 11.298 1.84938934832612 1 -0.00515099661132368
2647 11.298 1.84425265863789 1 -0.00513668968822967
2648 11.298 1.8391302361352 1 -0.00512242250269779
2649 11.298 1.83402204119084 1 -0.00510819494435699
2650 11.298 1.8289280342877 1 -0.00509400690314221
2651 11.298 1.8238481760184 1 -0.00507985826929458
2652 11.298 1.81878242708504 1 -0.00506574893335987
2653 11.298 1.81373074829885 1 -0.00505167878618784
2654 11.298 1.80869310057992 1 -0.00503764771893178
2655 11.298 1.80366944495688 1 -0.00502365562304652
2656 11.298 1.79865974256659 1 -0.00500970239028931
2657 11.298 1.79366395465387 1 -0.00499578791271715
2658 11.298 1.78868204257118 1 -0.00498191208268772
2659 11.298 1.78371396777833 1 -0.00496807479285688
2660 11.298 1.77875969184215 1 -0.00495427593617914
2661 11.298 1.77381917643624 1 -0.00494051540590612
2662 11.298 1.76889238334065 1 -0.0049267930955863
2663 11.298 1.76397927444159 1 -0.00491310889906327
2664 11.298 1.75907981173112 1 -0.0048994627104757
2665 11.298 1.75419395730686 1 -0.00488585442425649
2666 11.298 1.74932167337173 1 -0.00487228393513162
2667 11.298 1.74446292223361 1 -0.00485875113811929
2668 11.298 1.73961766630508 1 -0.00484525592852947
2669 11.298 1.73478586810312 1 -0.00483179820196278
2670 11.298 1.72996749024881 1 -0.00481837785431027
2671 11.298 1.72516249546705 1 -0.00480499478175145
2672 11.298 1.7203708465863 1 -0.00479164888075445
2673 11.298 1.71559250653822 1 -0.00477834004807542
2674 11.298 1.71082743835747 1 -0.0047650681807565
2675 11.298 1.70607560518134 1 -0.00475183317612649
2676 11.298 1.70133697024954 1 -0.00473863493179905
2677 11.298 1.69661149690387 1 -0.00472547334567186
2678 11.298 1.69189914858794 1 -0.00471234831592704
2679 11.298 1.68719988884691 1 -0.00469925974102869
2680 11.298 1.68251368132719 1 -0.00468620751972337
2681 11.298 1.67784048977615 1 -0.00467319155103874
2682 11.298 1.67318027804187 1 -0.00466021173428288
2683 11.298 1.66853301007283 1 -0.00464726796904391
2684 11.298 1.66389864991764 1 -0.00463436015518814
2685 11.298 1.65927716172478 1 -0.00462148819286057
2686 11.298 1.65466850974229 1 -0.00460865198248328
2687 11.298 1.65007265831754 1 -0.00459585142475505
2688 11.298 1.64548957189689 1 -0.00458308642065064
2689 11.298 1.64091921502547 1 -0.00457035687141949
2690 11.298 1.63636155234688 1 -0.00455766267858526
2691 11.298 1.63181654860294 1 -0.00454500374394584
2692 11.298 1.62728416863337 1 -0.0045323799695709
2693 11.298 1.62276437737556 1 -0.004519791257803
2694 11.298 1.61825713986431 1 -0.00450723751125537
2695 11.298 1.6137624212315 1 -0.0044947186328117
2696 11.298 1.60928018670587 1 -0.00448223452562591
2697 11.298 1.60481040161275 1 -0.00446978509312079
2698 11.298 1.60035303137376 1 -0.00445737023898674
2699 11.298 1.59590804150658 1 -0.00444498986718234
2700 11.298 1.59147539762465 1 -0.00443264388193287
2701 11.298 1.58705506543692 1 -0.00442033218772941
2702 11.298 1.58264701074759 1 -0.00440805468932814
2703 11.298 1.57825119945584 1 -0.00439581129175015
2704 11.298 1.57386759755556 1 -0.00438360190028053
2705 11.298 1.56949617113509 1 -0.00437142642046662
2706 11.298 1.56513688637697 1 -0.00435928475811886
2707 11.298 1.56078970955766 1 -0.00434717681930907
2708 11.298 1.55645460704729 1 -0.00433510251036973
2709 11.298 1.5521315453094 1 -0.00432306173789399
2710 11.298 1.54782049090067 1 -0.00431105440873392
2711 11.298 1.54352141047067 1 -0.00429908043000049
2712 11.298 1.5392342707616 1 -0.00428713970906269
2713 11.298 1.53495903860806 1 -0.00427523215354686
2714 11.298 1.53069568093672 1 -0.00426335767133579
2715 11.298 1.52644416476615 1 -0.00425151617056829
2716 11.298 1.52220445720651 1 -0.0042397075596381
2717 11.298 1.51797652545932 1 -0.0042279317471936
2718 11.298 1.51376033681718 1 -0.0042161886421368
2719 11.298 1.50955585866356 1 -0.00420447815362279
2720 11.298 1.5053630584725 1 -0.00419280019105872
2721 11.298 1.5011819038084 1 -0.00418115466410374
2722 11.298 1.49701236232573 1 -0.00416954148266768
2723 11.298 1.49285440176882 1 -0.00415796055691064
2724 11.298 1.48870798997158 1 -0.00414641179724251
2725 11.298 1.48457309485726 1 -0.00413489511432164
2726 11.298 1.4804496844382 1 -0.00412341041905462
2727 11.298 1.47633772681561 1 -0.00411195762259542
2728 11.298 1.47223719017926 1 -0.00410053663634535
2729 11.298 1.46814804280731 1 -0.0040891473719511
2730 11.298 1.46407025306601 1 -0.0040777897413049
2731 11.298 1.46000378940946 1 -0.00406646365654417
2732 11.298 1.45594862037941 1 -0.00405516903004965
2733 11.298 1.45190471460497 1 -0.00404390577444613
2734 11.298 1.44787204080236 1 -0.00403267380260064
2735 11.298 1.44385056777474 1 -0.00402147302762224
2736 11.298 1.43984026441188 1 -0.00401030336286179
2737 11.298 1.43584109968997 1 -0.0039991647219102
2738 11.298 1.43185304267137 1 -0.00398805701859883
2739 11.298 1.42787606250437 1 -0.00397698016699799
2740 11.298 1.42391012842296 1 -0.0039659340814171
2741 11.298 1.41995520974655 1 -0.00395491867640319
2742 11.298 1.41601127587981 1 -0.00394393386674086
2743 11.298 1.41207829631236 1 -0.0039329795674512
2744 11.298 1.40815624061857 1 -0.003922055693792
2745 11.298 1.40424507845731 1 -0.00391116216125531
2746 11.298 1.40034477957175 1 -0.00390029888556875
2747 11.298 1.39645531378905 1 -0.00388946578269356
2748 11.298 1.39257665102023 1 -0.00387866276882476
2749 11.298 1.38870876125984 1 -0.0038678897603901
2750 11.298 1.38485161458579 1 -0.00385714667404891
2751 11.298 1.3810051811591 1 -0.00384643342669277
2752 11.298 1.37716943122365 1 -0.00383574993544333
2753 11.298 1.373344335106 1 -0.00382509611765336
2754 11.298 1.36952986321509 1 -0.00381447189090411
2755 11.298 1.36572598604209 1 -0.00380387717300668
2756 11.298 1.36193267416009 1 -0.00379331188199994
2757 11.298 1.35814989822394 1 -0.00378277593615062
2758 11.298 1.35437762896998 1 -0.00377226925395213
2759 11.298 1.35061583721586 1 -0.00376179175412461
2760 11.298 1.34686449386025 1 -0.003751343355614
2761 11.298 1.34312356988266 1 -0.00374092397759096
2762 11.298 1.3393930363432 1 -0.0037305335394513
2763 11.298 1.33567286438239 1 -0.00372017196081398
2764 11.298 1.33196302522087 1 -0.00370983916152157
2765 11.298 1.32826349015923 1 -0.00369953506163956
2766 11.298 1.32457423057777 1 -0.00368925958145483
2767 11.298 1.3208952179363 1 -0.0036790126414763
2768 11.298 1.31722642377386 1 -0.00366879416243338
2769 11.298 1.31356781970859 1 -0.00365860406527529
2770 11.298 1.30991937743742 1 -0.00364844227117156
2771 11.298 1.30628106873591 1 -0.00363830870151016
2772 11.298 1.30265286545801 1 -0.00362820327789737
2773 11.298 1.29903473953585 1 -0.00361812592215771
2774 11.298 1.29542666297952 1 -0.00360807655633222
2775 11.298 1.29182860787684 1 -0.00359805510267885
2776 11.298 1.28824054639317 1 -0.00358806148367141
2777 11.298 1.28466245077117 1 -0.00357809562199884
2778 11.298 1.28109429333061 1 -0.00356815744056527
2779 11.298 1.27753604646812 1 -0.00355824686248862
2780 11.298 1.27398768265702 1 -0.00354836381110002
2781 11.298 1.27044917444707 1 -0.00353850820994439
2782 11.298 1.26692049446429 1 -0.0035286799827785
2783 11.298 1.26340161541072 1 -0.00351887905357073
2784 11.298 1.25989251006422 1 -0.00350910534650084
2785 11.298 1.25639315127826 1 -0.00349935878595931
2786 11.298 1.25290351198172 1 -0.00348963929654644
2787 11.298 1.24942356517864 1 -0.00347994680307218
2788 11.298 1.24595328394809 1 -0.00347028123055493
2789 11.298 1.24249264144387 1 -0.00346064250422162
2790 11.298 1.23904161089436 1 -0.00345103054950679
2791 11.298 1.23560016560231 1 -0.00344144529205215
2792 11.298 1.2321682789446 1 -0.00343188665770611
2793 11.298 1.22874592437208 1 -0.00342235457252249
2794 11.298 1.22533307540932 1 -0.00341284896276117
2795 11.298 1.22192970565443 1 -0.00340336975488609
2796 11.298 1.21853578877887 1 -0.00339391687556634
2797 11.298 1.21515129852719 1 -0.00338449025167376
2798 11.298 1.21177620871691 1 -0.00337508981028423
2799 11.298 1.20841049323823 1 -0.00336571547867504
2800 11.298 1.20505412605391 1 -0.00335636718432686
2801 11.298 1.20170708119899 1 -0.00334704485492043
2802 11.298 1.19836933278065 1 -0.00333774841833834
2803 11.298 1.19504085497799 1 -0.00332847780266299
2804 11.298 1.19172162204181 1 -0.00331923293617686
2805 11.298 1.18841160829445 1 -0.00331001374736095
2806 11.298 1.18511078812955 1 -0.00330082016489586
2807 11.298 1.18181913601189 1 -0.00329165211765958
2808 11.298 1.17853662647716 1 -0.00328250953472797
2809 11.298 1.17526323413179 1 -0.0032733923453736
2810 11.298 1.17199893365272 1 -0.00326430047906578
2811 11.298 1.16874369978726 1 -0.00325523386546966
2812 11.298 1.16549750735281 1 -0.00324619243444557
2813 11.298 1.16226033123676 1 -0.00323717611604879
2814 11.298 1.15903214639623 1 -0.00322818484052911
2815 11.298 1.1558129278579 1 -0.00321921853832929
2816 11.298 1.15260265071782 1 -0.00321027714008615
2817 11.298 1.14940129014119 1 -0.00320136057662879
2818 11.298 1.14620882136221 1 -0.00319246877897816
2819 11.298 1.14302521968386 1 -0.00318360167834753
2820 11.298 1.13985046047772 1 -0.00317475920614041
2821 11.298 1.13668451918377 1 -0.00316594129395154
2822 11.298 1.1335273713102 1 -0.00315714787356502
2823 11.298 1.13037899243325 1 -0.00314837887695485
2824 11.298 1.12723935819697 1 -0.00313963423628372
2825 11.298 1.12410844431306 1 -0.0031309138839033
2826 11.298 1.12098622656071 1 -0.00312221775235222
2827 11.298 1.11787268078635 1 -0.00311354577435718
2828 11.298 1.11476778290352 1 -0.00310489788283141
2829 11.298 1.11167150889265 1 -0.00309627401087487
2830 11.298 1.10858383480087 1 -0.00308767409177291
2831 11.298 1.10550473674188 1 -0.00307909805899653
2832 11.298 1.10243419089568 1 -0.00307054584620103
2833 11.298 1.09937217350845 1 -0.00306201738722622
2834 11.298 1.09631866089235 1 -0.00305351261609599
2835 11.298 1.09327362942534 1 -0.00304503146701718
2836 11.298 1.09023705555096 1 -0.00303657387437939
2837 11.298 1.0872089157782 1 -0.00302813977275429
2838 11.298 1.08418918668131 1 -0.00301972909689563
2839 11.298 1.08117784489957 1 -0.00301134178173812
2840 11.298 1.07817486713717 1 -0.00300297776239744
2841 11.298 1.075180230163 1 -0.00299463697416913
2842 11.298 1.07219391081047 1 -0.00298631935252858
2843 11.298 1.06921588597734 1 -0.00297802483313081
2844 11.298 1.06624613262554 1 -0.00296975335180893
2845 11.298 1.06328462778096 1 -0.00296150484457458
2846 11.298 1.06033134853334 1 -0.00295327924761701
2847 11.298 1.05738627203604 1 -0.00294507649730313
2848 11.298 1.05444937550586 1 -0.00293689653017593
2849 11.298 1.05152063622291 1 -0.0029287392829549
2850 11.298 1.04860003153037 1 -0.00292060469253563
2851 11.298 1.04568753883438 1 -0.00291249269598892
2852 11.298 1.04278313560383 1 -0.00290440323055963
2853 11.298 1.03988679937016 1 -0.00289633623366758
2854 11.298 1.03699850772725 1 -0.00288829164290649
2855 11.298 1.03411823833121 1 -0.00288026939604324
2856 11.298 1.03124596890019 1 -0.00287226943101726
2857 11.298 1.02838167721425 1 -0.00286429168594071
2858 11.298 1.02552534111515 1 -0.00285633609909763
2859 11.298 1.02267693850621 1 -0.00284840260894348
2860 11.298 1.0198364473521 1 -0.00284049115410423
2861 11.298 1.01700384567873 1 -0.00283260167337707
2862 11.298 1.014179111573 1 -0.00282473410572859
2863 11.298 1.0113622231827 1 -0.00281688839029481
2864 11.298 1.00855315871632 1 -0.00280906446638163
2865 11.298 1.00575189644286 1 -0.00280126227346256
2866 11.298 1.00295841469168 1 -0.00279348175117988
2867 11.298 1.00017269185234 1 -0.00278572283934309
2868 11.298 0.997394706374408 1 -0.00277798547792918
2869 11.298 0.994624436767326 1 -0.0027702696070816
2870 11.298 0.991861861600216 1 -0.0027625751671102
2871 11.298 0.989106959501725 1 -0.00275490209849072
2872 11.298 0.986359709159861 1 -0.00274725034186407
2873 11.298 0.983620089321825 1 -0.00273961983803594
2874 11.298 0.980888078793849 1 -0.00273201052797667
2875 11.298 0.978163656441028 1 -0.00272442235282044
2876 11.298 0.975446801187163 1 -0.00271685525386489
2877 11.298 0.972737492014592 1 -0.00270930917257084
2878 11.298 0.970035707964031 1 -0.00270178405056143
2879 11.298 0.967341428134409 1 -0.00269427982962234
2880 11.298 0.964654631682708 1 -0.00268679645170056
2881 11.298 0.961975297823804 1 -0.00267933385890451
2882 11.298 0.9593034058303 1 -0.00267189199350348
2883 11.298 0.956638935032373 1 -0.00266447079792698
2884 11.298 0.953981864817609 1 -0.00265707021476436
2885 11.298 0.951332174630844 1 -0.00264969018676464
2886 11.298 0.948689843974009 1 -0.00264233065683561
2887 11.298 0.946054852405965 1 -0.00263499156804392
2888 11.298 0.943427179542351 1 -0.00262767286361398
2889 11.298 0.940806805055422 1 -0.00262037448692831
2890 11.298 0.938193708673896 1 -0.0026130963815264
2891 11.298 0.935587870182791 1 -0.00260583849110463
2892 11.298 0.932989269423276 1 -0.00259860075951579
2893 11.298 0.930397886292507 1 -0.00259138313076857
2894 11.298 0.92781370074348 1 -0.00258418554902728
2895 11.298 0.925236692784869 1 -0.00257700795861115
2896 11.298 0.922666842480874 1 -0.00256985030399426
2897 11.298 0.920104129951069 1 -0.00256271252980478
2898 11.298 0.917548535370245 1 -0.00255559458082466
2899 11.298 0.915000038968255 1 -0.0025484964019894
2900 11.298 0.912458621029868 1 -0.00254141793838703
2901 11.298 0.90992426189461 1 -0.00253435913525868
2902 11.298 0.907396941956613 1 -0.00252731993799704
2903 11.298 0.904876641664466 1 -0.00252030029214689
2904 11.298 0.902363341521062 1 -0.0025133001434039
2905 11.298 0.899857022083447 1 -0.00250631943761492
2906 11.298 0.89735766396267 1 -0.00249935812077684
2907 11.298 0.894865247823633 1 -0.00249241613903683
2908 11.298 0.892379754384942 1 -0.00248549343869164
2909 11.298 0.889901164418755 1 -0.00247858996618688
2910 11.298 0.887429458750638 1 -0.00247170566811727
2911 11.298 0.884964618259412 1 -0.00246484049122564
2912 11.298 0.882506623877009 1 -0.00245799438240279
2913 11.298 0.880055456588322 1 -0.00245116728868711
2914 11.298 0.877611097431058 1 -0.00244435915726404
2915 11.298 0.875173527495592 1 -0.00243756993546562
2916 11.298 0.872742727924822 1 -0.00243079957077019
2917 11.298 0.87031867991402 1 -0.00242404801080232
2918 11.298 0.867901364710688 1 -0.00241731520333144
2919 11.298 0.865490763614416 1 -0.00241060109627256
2920 11.298 0.863086857976731 1 -0.00240390563768522
2921 11.298 0.860689629200957 1 -0.00239722877577309
2922 11.298 0.858299058742074 1 -0.0023905704588838
2923 11.298 0.855915128106565 1 -0.00238393063550846
2924 11.298 0.853537818852284 1 -0.00237730925428115
2925 11.298 0.851167112588305 1 -0.00237070626397884
2926 11.298 0.848802990974785 1 -0.00236412161352062
2927 11.298 0.846445435722817 1 -0.00235755525196735
2928 11.298 0.844094428594296 1 -0.00235100712852154
2929 11.298 0.841749951401769 1 -0.00234447719252673
2930 11.298 0.839411986008302 1 -0.0023379653934672
2931 11.298 0.837080514327334 1 -0.00233147168096748
2932 11.298 0.834755518322542 1 -0.00232499600479208
2933 11.298 0.832436980007697 1 -0.00231853831484496
2934 11.298 0.830124881446528 1 -0.00231209856116921
2935 11.298 0.827819204752581 1 -0.00230567669394688
2936 11.298 0.825519932089083 1 -0.00229927266349828
2937 11.298 0.823227045668802 1 -0.00229288642028136
2938 11.298 0.820940527753909 1 -0.00228651791489232
2939 11.298 0.818660360655845 1 -0.002280167098064
2940 11.298 0.816386526735179 1 -0.00227383392066649
2941 11.298 0.814119008401473 1 -0.00226751833370609
2942 11.298 0.811857788113147 1 -0.00226122028832521
2943 11.298 0.809602848377345 1 -0.00225493973580215
2944 11.298 0.807354171749795 1 -0.00224867662755024
2945 11.298 0.805111740834677 1 -0.002242430915118
2946 11.298 0.802875538284489 1 -0.00223620255018842
2947 11.298 0.80064554679991 1 -0.0022299914845787
2948 11.298 0.79842174912967 1 -0.00222379767023984
2949 11.298 0.796204128070414 1 -0.00221762105925649
2950 11.298 0.793992666466568 1 -0.00221146160384611
2951 11.298 0.791787347210208 1 -0.00220531925635903
2952 11.298 0.789588153240931 1 -0.00219919396927781
2953 11.298 0.787395067545714 1 -0.00219308569521715
2954 11.298 0.78520807315879 1 -0.00218699438692327
2955 11.298 0.783027153161517 1 -0.00218091999727366
2956 11.298 0.78085229068224 1 -0.00217486247927678
2957 11.298 0.778683468896168 1 -0.00216882178607136
2958 11.298 0.776520671025242 1 -0.00216279787092644
2959 11.298 0.774363880338001 1 -0.00215679068724106
2960 11.298 0.772213080149458 1 -0.0021508001885433
2961 11.298 0.770068253820967 1 -0.00214482632849056
2962 11.298 0.767929384760098 1 -0.00213886906086891
2963 11.298 0.765796456420505 1 -0.00213292833959278
2964 11.298 0.763669452301801 1 -0.00212700411870459
2965 11.298 0.761548355949426 1 -0.00212109635237445
2966 11.298 0.759433150954527 1 -0.0021152049948997
2967 11.298 0.757323820953822 1 -0.00210933000070457
2968 11.298 0.755220349629482 1 -0.00210347132434019
2969 11.298 0.753122720708998 1 -0.00209762892048349
2970 11.298 0.751030917965061 1 -0.0020918027439375
2971 11.298 0.74894492521543 1 -0.00208599274963084
2972 11.298 0.746864726322813 1 -0.00208019889261724
2973 11.298 0.744790305194738 1 -0.0020744211280751
2974 11.298 0.74272164578343 1 -0.00206865941130774
2975 11.298 0.740658732085688 1 -0.00206291369774236
2976 11.298 0.738601548142758 1 -0.00205718394292975
2977 11.298 0.736550078040213 1 -0.00205147010254458
2978 11.298 0.734504305907829 1 -0.00204577213238433
2979 11.298 0.73246421591946 1 -0.00204008998836935
2980 11.298 0.730429792292917 1 -0.00203442362654249
2981 11.298 0.728401019289848 1 -0.0020287730030687
2982 11.298 0.726377881215614 1 -0.00202313807423438
2983 11.298 0.724360362419166 1 -0.00201751879644785
2984 11.298 0.722348447292928 1 -0.002011915126238
2985 11.298 0.720342120272673 1 -0.00200632702025494
2986 11.298 0.718341365837405 1 -0.0020007544352687
2987 11.298 0.716346168509235 1 -0.00199519732816966
2988 11.298 0.714356512853267 1 -0.00198965565596809
2989 11.298 0.712372383477474 1 -0.00198412937579329
2990 11.298 0.71039376503258 1 -0.00197861844489389
2991 11.298 0.708420642211943 1 -0.00197312282063711
2992 11.298 0.706452999751434 1 -0.00196764246050873
2993 11.298 0.704490822429321 1 -0.00196217732211257
2994 11.298 0.702534095066151 1 -0.0019567273631701
2995 11.298 0.700582802524631 1 -0.00195129254152038
2996 11.298 0.698636929709511 1 -0.00194587281511949
2997 11.298 0.696696461567471 1 -0.00194046814204019
2998 11.298 0.694761383086999 1 -0.00193507848047181
2999 11.298 0.692831679298279 1 -0.00192970378871993
3000 11.298 0.690907335273074 1 -0.00192434402520558
