"t" "Tt" "Vt" "dt" "Vdt"
2006 0.632 7.208 1 NA
2007 0.627 7.20799848881213 1 -1.5111878663987e-06
2008 0.637 7.20799588916859 1 -2.59964354221154e-06
2009 0.662 7.20799042210183 1 -5.46706676196607e-06
2010 0.697 7.20798059026085 1 -9.83184097869128e-06
2011 0.736 7.2079654135545 1 -1.51767063556463e-05
2012 0.774 7.20794454151893 1 -2.08720355612257e-05
2013 0.806 7.20791850101401 1 -2.60405049221646e-05
2014 0.834 7.20788765926027 1 -3.08417537455696e-05
2015 0.858 7.20785249566562 1 -3.51635946440609e-05
2016 0.881 7.20781301122068 1 -3.94844449429499e-05
2017 0.908 7.20776822910706 1 -4.47821136217996e-05
2018 0.936 7.20771769725839 1 -5.05318486689887e-05
2019 0.965 7.20766093578354 1 -5.67614748456791e-05
2020 1.002 7.20759581752502 1 -6.51182585187371e-05
2021 1.048 7.20751967213407 1 -7.61453909561283e-05
2022 1.096 7.20743127014291 1 -8.84019911566725e-05
2023 1.141 7.20733068462824 1 -0.000100585514670293
2024 1.183 7.20721812412353 1 -0.000112560504712533
2025 1.22 7.20709453436493 1 -0.000123589758596943
2026 1.254 7.2069604139406 1 -0.00013412042433103
2027 1.288 7.20681538176379 1 -0.000145032176806836
2028 1.325 7.20665803839155 1 -0.000157343372239716
2029 1.364 7.20648722739923 1 -0.000170810992328185
2030 1.405 7.20630171512123 1 -0.000185512277998789
2031 1.454 7.20609789449076 1 -0.000203820630469309
2032 1.514 7.2058705607839 1 -0.000227333706858346
2033 1.572 7.20561937101993 1 -0.00025118976396854
2034 1.629 7.20534365803719 1 -0.000275712982737097
2035 1.683 7.20504373211439 1 -0.000299925922800703
2036 1.732 7.20472101798168 1 -0.000322714132716229
2037 1.777 7.204376694675 1 -0.000344323306675776
2038 1.824 7.20400908979052 1 -0.000367604884482731
2039 1.87 7.20361800454291 1 -0.000391085247610334
2040 1.918 7.20320167607003 1 -0.000416328472882199
2041 1.964 7.20276046083534 1 -0.000441215234689984
2042 2.019 7.20228854725653 1 -0.000471913578805605
2043 2.08 7.20178140935367 1 -0.000507137902856947
2044 2.139 7.20123905705439 1 -0.00054235229928512
2045 2.196 7.2006616192583 1 -0.000577437796088986
2046 2.242 7.20005515784215 1 -0.000606461416151838
2047 2.279 7.19942492160541 1 -0.000630236236738746
2048 2.308 7.19877582068181 1 -0.00064910092360293
2049 2.339 7.19810623948475 1 -0.000669581197059621
2050 2.377 7.19741105931636 1 -0.00069518016838277
2051 2.422 7.19668490153886 1 -0.000726157777502401
2052 2.469 7.19592568259216 1 -0.000759218946702056
2053 2.526 7.19512532873092 1 -0.000800353861236225
2054 2.588 7.19427900684685 1 -0.000846321884075962
2055 2.654 7.19338236192867 1 -0.000896644918179312
2056 2.721 7.19243319292624 1 -0.000949169002426586
2057 2.784 7.19143336073571 1 -0.000999832190526462
2058 2.846 7.19038244495128 1 -0.00105091578443162
2059 2.92 7.18926881938545 1 -0.00111362556583039
2060 2.997 7.18808805164735 1 -0.00118076773810127
2061 3.082 7.1868308775335 1 -0.00125717411385207
2062 3.171 7.1854911796668 1 -0.00133969786670018
2063 3.259 7.18406740673719 1 -0.00142377292960383
2064 3.357 7.18254697163976 1 -0.00152043509743827
2065 3.448 7.18093412077931 1 -0.00161285086044671
2066 3.536 7.17922944620478 1 -0.00170467457452883
2067 3.62 7.17743490677937 1 -0.00179453942541485
2068 3.692 7.17556179939913 1 -0.0018731073802325
2069 3.756 7.17361768967581 1 -0.00194410972332548
2070 3.815 7.17160715179332 1 -0.00201053788249261
2071 3.869 7.16953504767334 1 -0.00207210411997671
2072 3.92 7.16740410502633 1 -0.00213094264700864
2073 3.968 7.1652172002756 1 -0.00218690475072947
2074 4.016 7.16297366239526 1 -0.00224353788034293
2075 4.073 7.16066160521781 1 -0.00231205717744754
2076 4.136 7.15827246269529 1 -0.00238914252251821
2077 4.201 7.15580247178981 1 -0.00246999090548439
2078 4.266 7.1532503717421 1 -0.0025521000477049
2079 4.328 7.15061890071546 1 -0.00263147102664263
2080 4.387 7.14791097873328 1 -0.00270792198217595
2081 4.446 7.14512559238455 1 -0.00278538634873549
2082 4.506 7.14226034414019 1 -0.00286524824436274
2083 4.57 7.13930855800494 1 -0.00295178613524349
2084 4.635 7.1362676120592 1 -0.00304094594573989
2085 4.703 7.13313192423603 1 -0.00313568782316853
2086 4.779 7.12988834442492 1 -0.00324357981111767
2087 4.865 7.1265201411306 1 -0.00336820329431564
2088 4.95 7.12302664629577 1 -0.00349349483483063
2089 5.033 7.11940884235073 1 -0.00361780394503519
2090 5.111 7.11567263462912 1 -0.00373620772161853
2091 5.18 7.11183073637477 1 -0.00384189825434156
2092 5.244 7.10788994374092 1 -0.00394079263385461
2093 5.31 7.10384582575726 1 -0.00404411798365967
2094 5.375 7.09969884376592 1 -0.004146981991342
2095 5.441 7.09544614553005 1 -0.00425269823587104
2096 5.505 7.09108995749011 1 -0.00435618803993432
2097 5.574 7.08662050909012 1 -0.00446944839999741
2098 5.652 7.0820206881231 1 -0.00459982096701417
2099 5.727 7.07729414085532 1 -0.00472654726778199
2100 5.8 7.07244292646775 1 -0.0048512143875703
2101 5.869 7.06747290225217 1 -0.0049700242155799
2102 5.933 7.06239203408295 1 -0.00508086816922049
2103 5.996 7.05720111976779 1 -0.00519091431516294
2104 6.063 7.05189158297509 1 -0.00530953679269164
2105 6.131 7.04646034124908 1 -0.00543124172601672
2106 6.199 7.04090618905053 1 -0.00555415219855249
2107 6.267 7.03522792827453 1 -0.00567826077599509
2108 6.338 7.02941844439478 1 -0.00580948387974889
2109 6.414 7.02346643999998 1 -0.00595200439480337
2110 6.485 7.01738051273777 1 -0.0060859272622098
2111 6.552 7.01116754717469 1 -0.00621296556308248
2112 6.611 7.00484292128589 1 -0.00632462588879079
2113 6.664 6.99841827998706 1 -0.00642464129883358
2114 6.715 6.99189717905325 1 -0.0065211009338153
2115 6.767 6.98527694164663 1 -0.00662023740661333
2116 6.823 6.97854847543664 1 -0.00672846620999312
2117 6.88 6.97170893107071 1 -0.00683954436592948
2118 6.941 6.9647489310777 1 -0.00695999999300589
2119 7.009 6.95765234430414 1 -0.00709658677356018
2120 7.084 6.95040262804207 1 -0.00724971626207793
2121 7.159 6.94299839946977 1 -0.0074042285722955
2122 7.23 6.93544729631055 1 -0.00755110315921836
2123 7.297 6.9277572152381 1 -0.00769008107245472
2124 7.358 6.91994087712603 1 -0.00781633811206905
2125 7.414 6.91200901410029 1 -0.00793186302574256
2126 7.471 6.9039586526271 1 -0.00805036147318283
2127 7.532 6.89577974720782 1 -0.00817890541928445
2128 7.601 6.88745259519073 1 -0.00832715201708911
2129 7.671 6.87897374015218 1 -0.00847885503855039
2130 7.748 6.87032521910672 1 -0.00864852104545655
2131 7.832 6.86148861017398 1 -0.00883660893274296
2132 7.907 6.85248437944033 1 -0.00900423073364998
2133 7.97 6.8433410233156 1 -0.00914335612472605
2134 8.017 6.83409764648571 1 -0.00924337682989052
2135 8.047 6.82479643866903 1 -0.00930120781668453
2136 8.068 6.81545988956344 1 -0.00933654910558968
2137 8.084 6.80610055082123 1 -0.00935933874220929
2138 8.106 6.7967033753545 1 -0.00939717546672458
2139 8.139 6.78724064530413 1 -0.00946273005037401
2140 8.18 6.77769200513103 1 -0.00954864017309731
2141 8.235 6.76802157111135 1 -0.00967043401968226
2142 8.303 6.75819542198134 1 -0.00982614913000912
2143 8.372 6.74821002362518 1 -0.00998539835615819
2144 8.44 6.73806701720311 1 -0.0101430064220756
2145 8.49 6.72781279523211 1 -0.0102542219709969
2146 8.524 6.71748917219429 1 -0.010323623037821
2147 8.543 6.70713567675245 1 -0.0103534954418363
2148 8.554 6.69677346792253 1 -0.0103622088299193
2149 8.566 6.68639993323392 1 -0.0103735346886138
2150 8.585 6.67599659289416 1 -0.0104033403397583
2151 8.607 6.66555552548321 1 -0.0104410674109499
2152 8.643 6.65503953911222 1 -0.0105159863709883
2153 8.692 6.64441378700198 1 -0.010625752110248
2154 8.749 6.63365640870268 1 -0.0107573782992931
2155 8.806 6.62276686316951 1 -0.0108895455331774
2156 8.859 6.61175550839652 1 -0.0110113547729886
2157 8.9 6.600654748681 1 -0.0111007597155197
2158 8.931 6.58949184501926 1 -0.0111629036617416
2159 8.956 6.57828325200676 1 -0.0112085930124968
2160 8.974 6.56704824647867 1 -0.0112350055280901
2161 8.991 6.55578962136298 1 -0.0112586251156861
2162 9.005 6.54451568591915 1 -0.0112739354438336
2163 9.028 6.5332016431851 1 -0.0113140427340515
2164 9.06 6.52182261047145 1 -0.0113790327136476
2165 9.094 6.51037299260362 1 -0.0114496178678269
2166 9.126 6.49885830148796 1 -0.0115146911156589
2167 9.157 6.48728129391082 1 -0.0115770075771415
2168 9.188 6.47564194421946 1 -0.0116393496913672
2169 9.219 6.46394022814588 1 -0.0117017160735795
2170 9.249 6.45217893930338 1 -0.0117612888424921
2171 9.284 6.44034394272375 1 -0.011834996579636
2172 9.317 6.42844084385246 1 -0.0119030988712892
2173 9.348 6.41647528761495 1 -0.0119655562375067
2174 9.383 6.40443585881784 1 -0.0120394287971166
2175 9.422 6.39231106113925 1 -0.0121247976785899
2176 9.455 6.38011800573339 1 -0.0121930554058531
2177 9.484 6.3678681662523 1 -0.0122498394810968
2178 9.506 6.35558171717737 1 -0.0122864490749244
2179 9.522 6.34327600253736 1 -0.0123057146400098
2180 9.536 6.33095683892753 1 -0.0123191636098285
2181 9.55 6.31862426946728 1 -0.0123325694602565
2182 9.571 6.30625811180642 1 -0.0123661576608542
2183 9.597 6.29384393382976 1 -0.012414177976658
2184 9.627 6.2813701519494 1 -0.0124737818803666
2185 9.667 6.26880764498126 1 -0.0125625069681377
2186 9.711 6.25614460456321 1 -0.0126630404180501
2187 9.752 6.24338967439632 1 -0.0127549301668948
2188 9.79 6.23055157868381 1 -0.0128380957125005
2189 9.819 6.21765683712431 1 -0.0128947415595064
2190 9.836 6.20474096223235 1 -0.0129158748919629
2191 9.849 6.19181583756531 1 -0.0129251246670306
2192 9.859 6.17889037905408 1 -0.0129254585112371
2193 9.871 6.16595869675548 1 -0.0129316822986016
2194 9.885 6.15301490785001 1 -0.0129437889054707
2195 9.9 6.14005609527322 1 -0.012958812576783
2196 9.926 6.12704967820075 1 -0.013006417072468
2197 9.96 6.11397189313086 1 -0.0130777850698971
2198 9.995 6.10081973571936 1 -0.0131521574115014
2199 10.026 6.08760515090007 1 -0.0132145848192851
2200 10.053 6.07434014565043 1 -0.0132650052496439
2201 10.072 6.06104878199279 1 -0.0132913636576415
2202 10.085 6.04774914063941 1 -0.0132996413533775
2203 10.098 6.03444126366477 1 -0.0133078769746415
2204 10.112 6.02112218729353 1 -0.0133190763712383
2205 10.126 6.00779195763571 1 -0.0133302296578224
2206 10.139 5.99445362986294 1 -0.0133383277727619
2207 10.162 5.98107712752274 1 -0.0133765023402024
2208 10.191 5.96764438926706 1 -0.0134327382556849
2209 10.218 5.95416149703763 1 -0.0134828922294243
2210 10.24 5.9406436475869 1 -0.0135178494507366
2211 10.253 5.92711819534162 1 -0.0135254522452772
2212 10.261 5.91360034225428 1 -0.0135178530873379
2213 10.264 5.90010524800409 1 -0.0134950942501915
2214 10.268 5.88662984746547 1 -0.0134754005386224
2215 10.277 5.87315898194187 1 -0.0134708655235976
2216 10.291 5.85967752973917 1 -0.0134814522026998
2217 10.31 5.84617038115517 1 -0.0135071485839946
2218 10.339 5.83260722490181 1 -0.0135631562533662
2219 10.374 5.81896981620941 1 -0.0136374086923983
2220 10.404 5.80527341578606 1 -0.01369640042335
2221 10.422 5.79155475937915 1 -0.0137186564069065
2222 10.431 5.77784142991411 1 -0.013713329465042
2223 10.433 5.76415483258798 1 -0.013686597326136
2224 10.43 5.7505101696047 1 -0.0136446629832783
2225 10.431 5.73689513193671 1 -0.0136150376679911
2226 10.439 5.72328833437005 1 -0.0136067975666538
2227 10.452 5.7096745493019 1 -0.0136137850681504
2228 10.471 5.69603551619621 1 -0.0136390331056919
2229 10.498 5.68234684682233 1 -0.0136886693738809
2230 10.529 5.66861116865422 1 -0.0137356781681053
2231 10.554 5.65487615937821 1 -0.0137350092760187
2232 10.571 5.64115236060602 1 -0.0137237987721832
2233 10.579 5.62745150770626 1 -0.0137008528997606
2234 10.579 5.61378393052007 1 -0.0136675771861867
2235 10.579 5.60014954822964 1 -0.0136343822904355
2236 10.585 5.5865405664174 1 -0.0136089818122356
2237 10.598 5.57294798332407 1 -0.0135925830933372
2238 10.617 5.55936416390316 1 -0.0135838194209033
2239 10.643 5.5457802714464 1 -0.0135838924567615
2240 10.673 5.53219137568801 1 -0.0135888957583887
2241 10.703 5.51859767603028 1 -0.0135936996577311
2242 10.724 5.50501077368394 1 -0.01358690234634
2243 10.733 5.49144594845001 1 -0.0135648252339289
2244 10.736 5.47791076609261 1 -0.0135351823574048
2245 10.735 5.46441020249352 1 -0.0135005635990915
2246 10.738 5.45093914824325 1 -0.0134710542502647
2247 10.744 5.43749379503525 1 -0.0134453532080014
2248 10.755 5.42406787509237 1 -0.0134259199428799
2249 10.773 5.41065269182297 1 -0.0134151832694052
2250 10.79 5.39724957171697 1 -0.0134031201059965
2251 10.8 5.38386726292473 1 -0.0133823087922442
2252 10.807 5.37050948327835 1 -0.0133577796463715
2253 10.811 5.35717991363228 1 -0.0133295696460713
2254 10.813 5.34388096818376 1 -0.0132989454485193
2255 10.816 5.33061135633515 1 -0.013269611848612
2256 10.82 5.31736979979061 1 -0.0132415565445392
2257 10.826 5.30415381177469 1 -0.0132159880159231
2258 10.832 5.29096336518174 1 -0.0131904465929447
2259 10.837 5.27779964752037 1 -0.0131637176613699
2260 10.841 5.26466383417122 1 -0.013135813349157
2261 10.842 5.25155950567872 1 -0.0131043284924939
2262 10.844 5.23848538409114 1 -0.0130741215875876
2263 10.846 5.2254414062259 1 -0.0130439778652329
2264 10.849 5.21242630940572 1 -0.0130150968201788
2265 10.854 5.1994376463981 1 -0.0129886630076195
2266 10.861 5.18647299390055 1 -0.0129646524975584
2267 10.866 5.17353471507939 1 -0.0129382788211609
2268 10.871 5.16062277387515 1 -0.0129119412042362
2269 10.875 5.14773831895759 1 -0.0128844549175557
2270 10.878 5.13488248716263 1 -0.0128558317949619
2271 10.879 5.12205758237685 1 -0.012824904785786
2272 10.878 5.10926588500547 1 -0.0127916973713775
2273 10.878 5.09650613329636 1 -0.01275975170911
2274 10.881 5.08377473743718 1 -0.0127313958591735
2275 10.888 5.07106697579765 1 -0.0127077616395308
2276 10.897 5.05838050183951 1 -0.0126864739581443
2277 10.906 5.04571531477463 1 -0.0126651870648793
2278 10.914 5.03307257203549 1 -0.0126427427391365
2279 10.922 5.02045226386448 1 -0.0126203081710177
2280 10.928 5.00785668550659 1 -0.012595578357887
2281 10.935 4.99528465999207 1 -0.0125720255145181
2282 10.939 4.98273960895618 1 -0.012545051035886
2283 10.943 4.97022148772043 1 -0.0125181212357592
2284 10.948 4.95772911062489 1 -0.0124923770955334
2285 10.951 4.94526471797452 1 -0.0124643926503758
2286 10.957 4.93282485073068 1 -0.0124398672438382
2287 10.963 4.92040948150325 1 -0.0124153692274325
2288 10.965 4.9080231012056 1 -0.0123863802976407
2289 10.965 4.89566790173091 1 -0.0123551994746922
2290 10.963 4.88334605239424 1 -0.0123218493366686
2291 10.963 4.87105521577619 1 -0.0122908366180523
2292 10.965 4.85879307731389 1 -0.012262138462301
2293 10.969 4.84655734516017 1 -0.0122357321537194
2294 10.974 4.83434686268329 1 -0.0122104824768785
2295 10.983 4.82215715502368 1 -0.0121897076596085
2296 10.993 4.8099871131842 1 -0.0121700418394814
2297 11 4.79784005615824 1 -0.0121470570259623
2298 11.004 4.78571926931459 1 -0.0121207868436493
2299 11.006 4.77362690589764 1 -0.0120923634169552
2300 11.006 4.76156509697934 1 -0.0120618089182942
2301 11.005 4.74953485847372 1 -0.0120302385056261
2302 11.004 4.73753610508631 1 -0.0119987533874024
2303 11.005 4.72556657655685 1 -0.0119695285294661
2304 11.007 4.71362511969659 1 -0.01194145686026
2305 11.01 4.70171059243501 1 -0.0119145272615748
2306 11.013 4.6898229431327 1 -0.0118876493023112
2307 11.015 4.67796319687315 1 -0.0118597462595522
2308 11.017 4.66613129399785 1 -0.0118319028753016
2309 11.019 4.65432717496078 1 -0.0118041190370706
2310 11.021 4.64255078032823 1 -0.01177639463255
2311 11.023 4.63080205077862 1 -0.0117487295496028
2312 11.027 4.61907880090542 1 -0.0117232498732003
2313 11.032 4.60737992735157 1 -0.0116988735538515
2314 11.036 4.59570645298511 1 -0.0116734743664653
2315 11.039 4.58405938995745 1 -0.0116470630276586
2316 11.041 4.57243973976226 1 -0.0116196501951844
2317 11.042 4.56084849329654 1 -0.01159124646572
2318 11.041 4.54928767796299 1 -0.0115608153335529
2319 11.041 4.53775616692476 1 -0.0115315110382292
2320 11.042 4.52625284416366 1 -0.0115033227610999
2321 11.044 4.51477660441287 1 -0.0114762397507961
2322 11.046 4.50332738955473 1 -0.011449214858132
2323 11.049 4.49190410774777 1 -0.0114232818069677
2324 11.052 4.48050670896197 1 -0.0113973987858005
2325 11.053 4.46913720043072 1 -0.0113695085312466
2326 11.054 4.45779551660774 1 -0.011341683822975
2327 11.054 4.44648261547507 1 -0.0113129011326762
2328 11.054 4.43519842398857 1 -0.0112841914864941
2329 11.056 4.42394083290248 1 -0.0112575910860979
2330 11.058 4.4127097850485 1 -0.0112310478539754
2331 11.063 4.40150218427456 1 -0.0112076007739432
2332 11.068 4.39031799678502 1 -0.0111841874895395
2333 11.073 4.37915718878942 1 -0.0111608079955943
2334 11.076 4.36802173715877 1 -0.0111354516306506
2335 11.078 4.35691259554357 1 -0.0111091416152034
2336 11.079 4.34583070746463 1 -0.0110818880789409
2337 11.079 4.33477700637377 1 -0.0110537010908613
2338 11.078 4.32375241571652 1 -0.0110245906572475
2339 11.078 4.31275586377937 1 -0.0109965519371515
2340 11.077 4.30178826933599 1 -0.0109675944433798
2341 11.079 4.29084659100422 1 -0.010941678331772
2342 11.082 4.27992978787091 1 -0.0109168031333091
2343 11.084 4.26903879425095 1 -0.0108909936199542
2344 11.089 4.25817061433643 1 -0.0108681799145192
2345 11.092 4.24732717013037 1 -0.010843444206059
2346 11.096 4.2365074385326 1 -0.0108197315977723
2347 11.098 4.22571332418969 1 -0.0107941143429162
2348 11.1 4.21494477175575 1 -0.010768552433932
2349 11.103 4.20420075836107 1 -0.0107440133946817
2350 11.105 4.19348220143406 1 -0.0107185569270172
2351 11.109 4.18278712052322 1 -0.0106950809108328
2352 11.109 4.17211931640771 1 -0.0106678041155117
2353 11.11 4.16147776172247 1 -0.0106415546852379
2354 11.11 4.15086334976196 1 -0.0106144119605149
2355 11.109 4.14027696421337 1 -0.0105863855485859
2356 11.109 4.12971757824284 1 -0.0105593859705371
2357 11.111 4.11918322686259 1 -0.0105343513802403
2358 11.113 4.10867385589782 1 -0.0105093709647734
2359 11.116 4.09818846804454 1 -0.0104853878532838
2360 11.121 4.08772513490538 1 -0.0104633331391559
2361 11.127 4.07728288579355 1 -0.0104422491118301
2362 11.131 4.0668635676979 1 -0.0104193180956527
2363 11.136 4.0564662075416 1 -0.0103973601563014
2364 11.138 4.04609356682404 1 -0.0103726407175539
2365 11.139 4.03574652073873 1 -0.0103470460853119
2366 11.14 4.02542500858933 1 -0.0103215121493969
2367 11.139 4.01513081805989 1 -0.0102941905294429
2368 11.139 4.00486295279013 1 -0.0102678652697668
2369 11.141 3.9946195066568 1 -0.0102434461333285
2370 11.143 3.98440042661942 1 -0.0102190800373752
2371 11.144 3.97420657444291 1 -0.0101938521765139
2372 11.145 3.96403789026949 1 -0.0101686841734181
2373 11.149 3.9538915842912 1 -0.0101463059782851
2374 11.152 3.94376852558339 1 -0.0101230587078183
2375 11.154 3.93366957396176 1 -0.010098951621623
2376 11.157 3.92359377392225 1 -0.0100758000395165
2377 11.159 3.91354198080228 1 -0.01005179311997
2378 11.161 3.90351414234033 1 -0.0100278384619434
2379 11.163 3.89351020637576 1 -0.0100039359645701
2380 11.166 3.88352922701108 1 -0.00998097936468678
2381 11.168 3.87357205070731 1 -0.00995717630376847
2382 11.171 3.86363773632872 1 -0.00993431437858705
2383 11.171 3.85372889988133 1 -0.0099088364473956
2384 11.174 3.84384282190871 1 -0.00988607797261576
2385 11.176 3.83398034009629 1 -0.00986248181241578
2386 11.177 3.82414228313996 1 -0.00983805695633233
2387 11.179 3.81432771497513 1 -0.00981456816482984
2388 11.181 3.80453658434174 1 -0.00979113063338888
2389 11.185 3.79476709325545 1 -0.00976949108629555
2390 11.187 3.78502094644923 1 -0.00974614680621322
2391 11.189 3.77529809292816 1 -0.00972285352107738
2392 11.191 3.76559848179613 1 -0.00969961113202533
2393 11.192 3.75592292672848 1 -0.00967555506764972
2394 11.195 3.74626964585914 1 -0.00965328086934569
2395 11.197 3.73663945528748 1 -0.00963019057165626
2396 11.198 3.72703316233581 1 -0.00960629295166493
2397 11.2 3.71744985436416 1 -0.00958330797165141
2398 11.202 3.70788948108208 1 -0.00956037328208348
2399 11.203 3.6983528435212 1 -0.00953663756087986
2400 11.205 3.68883903598267 1 -0.00951380753852948
2401 11.206 3.67934885533534 1 -0.00949018064732865
2402 11.208 3.66988140048541 1 -0.00946745484993228
2403 11.209 3.66043746415945 1 -0.00944393632596308
2404 11.21 3.65101699017727 1 -0.00942047398217927
2405 11.211 3.64161992248709 1 -0.00939706769018089
2406 11.211 3.63224704117605 1 -0.00937288131104008
2407 11.214 3.62289578241552 1 -0.0093512587605229
2408 11.216 3.61356693514588 1 -0.00932884726964245
2409 11.219 3.60425962066438 1 -0.00930731448149835
2410 11.221 3.59497462377885 1 -0.00928499688552975
2411 11.227 3.58570859432348 1 -0.0092660294553677
2412 11.229 3.57646480166322 1 -0.00924379266026598
2413 11.232 3.56724237591819 1 -0.00922242574503374
2414 11.233 3.55804291258041 1 -0.00919946333777766
2415 11.234 3.5488663566619 1 -0.00917655591850863
2416 11.236 3.53971183858342 1 -0.00915451807847401
2417 11.234 3.53058256037621 1 -0.00912927820721832
2418 11.234 3.52147682750951 1 -0.00910573286669747
2419 11.235 3.51239377082808 1 -0.00908305668143372
2420 11.236 3.50333333601812 1 -0.00906043480995145
2421 11.236 3.49429627315457 1 -0.00903706286355233
2422 11.239 3.4852801153794 1 -0.00901615777516795
2423 11.241 3.47628562130546 1 -0.00899449407394171
2424 11.242 3.46731354134931 1 -0.00897207995615146
2425 11.245 3.45836222979591 1 -0.00895131155340412
2426 11.247 3.44943243931318 1 -0.00892979048272302
2427 11.251 3.44052253876163 1 -0.00890990055155561
2428 11.255 3.43163249314736 1 -0.00889004561426354
2429 11.257 3.42276384311969 1 -0.00886865002767845
2430 11.256 3.41391889884129 1 -0.00884494427839355
2431 11.256 3.40509681124915 1 -0.00882208759213832
2432 11.254 3.39629908470196 1 -0.00879772654719391
2433 11.252 3.38752564816824 1 -0.00877343653372442
2434 11.251 3.37877565315542 1 -0.00874999501281248
2435 11.25 3.37004903509109 1 -0.0087266180643355
2436 11.25 3.36134495591973 1 -0.00870407917135818
2437 11.252 3.35266181409292 1 -0.00868314182680541
2438 11.256 3.34399802415908 1 -0.00866378993384531
2439 11.261 3.33535278435396 1 -0.00864523980512244
2440 11.267 3.32672530088745 1 -0.00862748346650166
2441 11.27 3.31811784278183 1 -0.00860745810562369
2442 11.272 3.30953113183814 1 -0.0085867109436939
2443 11.272 3.30096664180652 1 -0.0085644900316213
2444 11.27 3.29242583079641 1 -0.00854081101010395
2445 11.27 3.2839071179959 1 -0.00851871280051109
2446 11.267 3.27541270789963 1 -0.00849441009626961
2447 11.264 3.26694252592717 1 -0.00847018197246285
2448 11.262 3.25849574774541 1 -0.00844677818175699
2449 11.261 3.25007155701931 1 -0.00842419072610401
2450 11.262 3.2416683992352 1 -0.00840315778410838
2451 11.264 3.23328547968137 1 -0.00838291955382653
2452 11.268 3.22492126919117 1 -0.00836421049020508
2453 11.27 3.21657721544225 1 -0.00834405374892011
2454 11.276 3.20825032022012 1 -0.00832689522212959
2455 11.279 3.19994277163372 1 -0.00830754858639349
2456 11.284 3.19165306181365 1 -0.0082897098200716
2457 11.29 3.18338043088699 1 -0.00827263092666053
2458 11.291 3.17512851146062 1 -0.00825191942637504
2459 11.292 3.16689725363999 1 -0.00823125782062517
2460 11.288 3.15869024278661 1 -0.00820701085338582
2461 11.285 3.15050667582537 1 -0.00818356696123734
2462 11.282 3.14234648072919 1 -0.00816019509617449
2463 11.28 3.13420886431391 1 -0.00813761641528732
2464 11.276 3.12609519967308 1 -0.00811366464082353
2465 11.275 3.11800325689477 1 -0.00809194277831082
2466 11.278 3.10993011281714 1 -0.00807314407763737
2467 11.281 3.10187572989963 1 -0.00805438291750837
2468 11.286 3.09383864645787 1 -0.00803708344175513
2469 11.29 3.08581954639496 1 -0.00801910006291262
2470 11.295 3.07781768942778 1 -0.00800185696717426
2471 11.298 3.0698344623891 1 -0.00798322703868415
2472 11.299 3.06187123745658 1 -0.00796322493251855
2473 11.3 3.05392796640513 1 -0.00794327105145642
2474 11.296 3.04600810658947 1 -0.00791985981565846
2475 11.294 3.03811018417849 1 -0.00789792241097276
2476 11.289 3.0302362274158 1 -0.00787395676269886
2477 11.285 3.02238546043032 1 -0.00785076698547904
2478 11.281 3.01455780870197 1 -0.00782765172834177
2479 11.278 3.00675250591206 1 -0.0078053027899192
2480 11.274 2.99897017369157 1 -0.00778233222048996
2481 11.273 2.99120867284131 1 -0.00776150085025229
2482 11.275 2.98346588579466 1 -0.00774278704664866
2483 11.279 2.97574040139406 1 -0.00772548440060161
2484 11.284 2.96803150589565 1 -0.00770889549841103
2485 11.293 2.96033644854358 1 -0.00769505735207421
2486 11.299 2.95265726411051 1 -0.00767918443307192
2487 11.307 2.94499257690885 1 -0.00766468720165214
2488 11.308 2.93734711008285 1 -0.00764546682599887
2489 11.309 2.92972081724945 1 -0.00762629283340832
2490 11.305 2.92211701502938 1 -0.00760380222006596
2491 11.3 2.91453630189863 1 -0.00758071313074904
2492 11.294 2.90697926962201 1 -0.00755703227662519
2493 11.286 2.89944717066388 1 -0.00753209895812335
2494 11.277 2.89194057833818 1 -0.00750659232570516
2495 11.27 2.8844580677247 1 -0.00748251061347283
2496 11.268 2.87699624148628 1 -0.00746182623842939
2497 11.27 2.86955239735162 1 -0.00744384413465804
2498 11.275 2.86212451933909 1 -0.00742787801253186
2499 11.286 2.85470864082374 1 -0.00741587851534131
2500 11.298 2.8473041128404 1 -0.00740452798334079
2501 11.298 2.83991879068209 1 -0.00738532215831444
2502 11.298 2.83255262453283 1 -0.00736616614925456
2503 11.298 2.82520556470589 1 -0.0073470598269485
2504 11.298 2.81787756164337 1 -0.00732800306251846
2505 11.298 2.81056856591595 1 -0.00730899572742238
2506 11.298 2.8032785282225 1 -0.00729003769344994
2507 11.298 2.79600739938977 1 -0.00727112883272474
2508 11.298 2.78875513037207 1 -0.00725226901770082
2509 11.298 2.78152167225091 1 -0.00723345812116438
2510 11.298 2.77430697623467 1 -0.0072146960162307
2511 11.298 2.76711099365833 1 -0.00719598257634413
2512 11.298 2.75993367598305 1 -0.00717731767527763
2513 11.298 2.75277497479592 1 -0.00715870118713191
2514 11.298 2.74563484180959 1 -0.0071401329863332
2515 11.298 2.73851322886195 1 -0.00712161294763458
2516 11.298 2.73141008791584 1 -0.00710314094611286
2517 11.298 2.72432537105867 1 -0.00708471685716949
2518 11.298 2.71725903050214 1 -0.00706634055652966
2519 11.298 2.7102110185819 1 -0.00704801192024007
2520 11.298 2.70318128775723 1 -0.00702973082466896
2521 11.298 2.69616979061073 1 -0.00701149714650562
2522 11.298 2.68917647984797 1 -0.00699331076275955
2523 11.298 2.68220130829721 1 -0.00697517155075777
2524 11.298 2.67524422890906 1 -0.00695707938814705
2525 11.298 2.66830519475617 1 -0.00693903415289032
2526 11.298 2.6613841590329 1 -0.00692103572326896
2527 11.298 2.65448107505503 1 -0.00690308397787742
2528 11.298 2.6475958962594 1 -0.00688517879562722
2529 11.298 2.64072857620366 1 -0.00686732005574253
2530 11.298 2.63387906856589 1 -0.00684950763776193
2531 11.298 2.62704732714436 1 -0.00683174142153575
2532 11.298 2.62023330585713 1 -0.00681402128722608
2533 11.298 2.61343695874183 1 -0.00679634711530541
2534 11.298 2.60665823995527 1 -0.00677871878655756
2535 11.298 2.59989710377319 1 -0.00676113618207452
2536 11.298 2.59315350458994 1 -0.00674359918325651
2537 11.298 2.58642739691813 1 -0.00672610767181236
2538 11.298 2.57971873538837 1 -0.00670866152975691
2539 11.298 2.57302747474896 1 -0.00669126063941139
2540 11.298 2.56635356986556 1 -0.00667390488340169
2541 11.298 2.5596969757209 1 -0.00665659414465924
2542 11.298 2.55305764741448 1 -0.00663932830641834
2543 11.298 2.54643554016226 1 -0.00662210725221568
2544 11.298 2.53983060929637 1 -0.00660493086589176
2545 11.298 2.53324281026478 1 -0.00658779903158635
2546 11.298 2.52667209863104 1 -0.00657071163374123
2547 11.298 2.52011843007395 1 -0.00655366855709705
2548 11.298 2.51358176038725 1 -0.00653666968669375
2549 11.298 2.50706204547938 1 -0.00651971490786929
2550 11.298 2.50055924137312 1 -0.00650280410625959
2551 11.298 2.49407330420533 1 -0.00648593716779633
2552 11.298 2.48760419022662 1 -0.00646911397870786
2553 11.298 2.4811518558011 1 -0.00645233442551696
2554 11.298 2.47471625740606 1 -0.00643559839504171
2555 11.298 2.46829735163167 1 -0.00641890577439241
2556 11.298 2.4618950951807 1 -0.00640225645097292
2557 11.298 2.45550944486822 1 -0.00638565031247973
2558 11.298 2.44914035762132 1 -0.00636908724689933
2559 11.298 2.44278779047881 1 -0.00635256714250998
2560 11.298 2.43645170059093 1 -0.00633608988787859
2561 11.298 2.43013204521907 1 -0.00631965537186208
2562 11.298 2.42382878173546 1 -0.00630326348360555
2563 11.298 2.41754186762292 1 -0.00628691411254056
2564 11.298 2.41127126047453 1 -0.0062706071483869
2565 11.298 2.40501691799338 1 -0.00625434248114942
2566 11.298 2.39877879799226 1 -0.00623812000111901
2567 11.298 2.39255685839339 1 -0.0062219395988703
2568 11.298 2.38635105722813 1 -0.00620580116526215
2569 11.298 2.3801613526367 1 -0.00618970459143631
2570 11.298 2.37398770286788 1 -0.00617364976881785
2571 11.298 2.36783006627876 1 -0.0061576365891125
2572 11.298 2.36168840133446 1 -0.00614166494430668
2573 11.298 2.35556266660779 1 -0.00612573472666744
2574 11.298 2.34945282077905 1 -0.00610984582874163
2575 11.298 2.34335882263569 1 -0.0060939981433541
2576 11.298 2.33728063107209 1 -0.00607819156360812
2577 11.298 2.3312182050892 1 -0.00606242598288409
2578 11.298 2.32517150379436 1 -0.00604670129483864
2579 11.298 2.31914048640096 1 -0.00603101739340506
2580 11.298 2.31312511222817 1 -0.00601537417279108
2581 11.298 2.30712534070069 1 -0.00599977152747844
2582 11.298 2.30114113134847 1 -0.00598420935222421
2583 11.298 2.29517244380641 1 -0.00596868754205637
2584 11.298 2.28921923781413 1 -0.00595320599227689
2585 11.298 2.28328147321567 1 -0.00593776459845818
2586 11.298 2.27735910995923 1 -0.00592236325644446
2587 11.298 2.27145210809688 1 -0.0059070018623486
2588 11.298 2.26556042778433 1 -0.00589168031255483
2589 11.298 2.25968402928061 1 -0.00587639850371469
2590 11.298 2.25382287294786 1 -0.00586115633274842
2591 11.298 2.24797691925102 1 -0.00584595369684404
2592 11.298 2.24214612875756 1 -0.0058307904934547
2593 11.298 2.23633046213726 1 -0.00581566662030131
2594 11.298 2.23052988016189 1 -0.00580058197536903
2595 11.298 2.22474434370499 1 -0.00578553645690816
2596 11.298 2.21897381374155 1 -0.0057705299634323
2597 11.298 2.21321825134783 1 -0.00575556239371888
2598 11.298 2.20747761770103 1 -0.00574063364680777
2599 11.298 2.20175187407903 1 -0.0057257436220004
2600 11.298 2.19604098186017 1 -0.00571089221885934
2601 11.298 2.19034490252296 1 -0.00569607933720828
2602 11.298 2.18466359764583 1 -0.0056813048771307
2603 11.298 2.17899702890686 1 -0.00566656873896809
2604 11.298 2.17334515808354 1 -0.00565187082332219
2605 11.298 2.16770794705249 1 -0.00563721103105053
2606 11.298 2.16208535778922 1 -0.00562258926326997
2607 11.298 2.15647735236786 1 -0.00560800542135231
2608 11.298 2.15088389296094 1 -0.00559345940692602
2609 11.298 2.14530494183907 1 -0.00557895112187357
2610 11.298 2.13974046137073 1 -0.00556448046833324
2611 11.298 2.13419041402204 1 -0.00555004734869691
2612 11.298 2.12865476235643 1 -0.00553565166560865
2613 11.298 2.12313346903446 1 -0.00552129332196616
2614 11.298 2.11762649681354 1 -0.00550697222091845
2615 11.298 2.11213380854768 1 -0.00549268826586635
2616 11.298 2.10665536718722 1 -0.00547844136045983
2617 11.298 2.10119113577862 1 -0.00546423140860064
2618 11.298 2.09574107746418 1 -0.00545005831443834
2619 11.298 2.09030515548181 1 -0.00543592198237164
2620 11.298 2.08488333316476 1 -0.00542182231704746
2621 11.298 2.0794755739414 1 -0.00540775922335968
2622 11.298 2.07408184133495 1 -0.00539373260644904
2623 11.298 2.06870209896325 1 -0.00537974237170191
2624 11.298 2.0633363105385 1 -0.00536578842475111
2625 11.298 2.05798443986702 1 -0.0053518706714728
2626 11.298 2.05264645084903 1 -0.00533798901798876
2627 11.298 2.04732230747837 1 -0.00532414337066323
2628 11.298 2.04201197384227 1 -0.00531033363610334
2629 11.298 2.03671541412111 1 -0.00529655972115917
2630 11.298 2.03143259258819 1 -0.00528282153292148
2631 11.298 2.02616347360946 1 -0.00526911897872306
2632 11.298 2.02090802164333 1 -0.00525545196613653
2633 11.298 2.01566620124035 1 -0.00524182040297383
2634 11.298 2.01043797704307 1 -0.00522822419728675
2635 11.298 2.0052233137857 1 -0.00521466325736508
2636 11.298 2.00002217629397 1 -0.00520113749173667
2637 11.298 1.9948345294848 1 -0.00518764680916695
2638 11.298 1.98966033836614 1 -0.00517419111865736
2639 11.298 1.9844995680367 1 -0.00516077032944562
2640 11.298 1.97935218368569 1 -0.00514738435100504
2641 11.298 1.97421815059265 1 -0.00513403309304383
2642 11.298 1.96909743412714 1 -0.00512071646550383
2643 11.298 1.96398999974858 1 -0.00510743437856109
2644 11.298 1.95889581300596 1 -0.00509418674262441
2645 11.298 1.95381483953762 1 -0.0050809734683348
2646 11.298 1.94874704507106 1 -0.00506779446656513
2647 11.298 1.94369239542264 1 -0.00505464964841984
2648 11.298 1.9386508564974 1 -0.0050415389252334
2649 11.298 1.93362239428883 1 -0.00502846220857056
2650 11.298 1.92860697487861 1 -0.00501541941022543
2651 11.298 1.92360456443639 1 -0.00500241044222083
2652 11.298 1.91861512921958 1 -0.00498943521680761
2653 11.298 1.91363863557311 1 -0.00497649364646469
2654 11.298 1.90867504992922 1 -0.00496358564389743
2655 11.298 1.90372433880718 1 -0.00495071112203838
2656 11.298 1.89878646881313 1 -0.004937869994045
2657 11.298 1.89386140663983 1 -0.00492506217330058
2658 11.298 1.88894911906642 1 -0.00491228757341311
2659 11.298 1.88404957295821 1 -0.00489954610821441
2660 11.298 1.87916273526645 1 -0.0048868376917599
2661 11.298 1.87428857302812 1 -0.00487416223832793
2662 11.298 1.8694270533657 1 -0.0048615196624191
2663 11.298 1.86457814348694 1 -0.00484890987875608
2664 11.298 1.85974181068466 1 -0.00483633280228224
2665 11.298 1.8549180223365 1 -0.00482378834816211
2666 11.298 1.85010674590472 1 -0.00481127643177981
2667 11.298 1.84530794893598 1 -0.00479879696873931
2668 11.298 1.84052159906112 1 -0.00478634987486304
2669 11.298 1.83574766399492 1 -0.00477393506619239
2670 11.298 1.83098611153594 1 -0.00476155245898591
2671 11.298 1.82623690956622 1 -0.00474920196971973
2672 11.298 1.82150002605113 1 -0.00473688351508628
2673 11.298 1.81677542903914 1 -0.00472459701199468
2674 11.298 1.81206308666157 1 -0.00471234237756901
2675 11.298 1.80736296713242 1 -0.00470011952914828
2676 11.298 1.80267503874813 1 -0.00468792838428644
2677 11.298 1.79799926988738 1 -0.00467576886075083
2678 11.298 1.79333562901086 1 -0.00466364087652238
2679 11.298 1.78868408466107 1 -0.00465154434979431
2680 11.298 1.78404460546209 1 -0.00463947919897256
2681 11.298 1.77941716011942 1 -0.00462744534267423
2682 11.298 1.77480171741969 1 -0.00461544269972802
2683 11.298 1.77019824623052 1 -0.00460347118917293
2684 11.298 1.76560671550026 1 -0.00459153073025775
2685 11.298 1.76102709425782 1 -0.00457962124244093
2686 11.298 1.75645935161243 1 -0.00456774264538962
2687 11.298 1.75190345675345 1 -0.00455589485897989
2688 11.298 1.74735937895015 1 -0.00454407780329524
2689 11.298 1.74282708755153 1 -0.0045322913986261
2690 11.298 1.73830655198606 1 -0.00452053556547027
2691 11.298 1.73379774176153 1 -0.00450881022453165
2692 11.298 1.72930062646481 1 -0.00449711529671948
2693 11.298 1.72481517576166 1 -0.00448545070314865
2694 11.298 1.72034135939652 1 -0.00447381636513788
2695 11.298 1.71587914719231 1 -0.00446221220421084
2696 11.298 1.71142850905022 1 -0.00445063814209412
2697 11.298 1.7069894149495 1 -0.00443909410071797
2698 11.298 1.70256183494728 1 -0.00442758000221444
2699 11.298 1.69814573917837 1 -0.00441609576891788
2700 11.298 1.693741097855 1 -0.00440464132336404
2701 11.298 1.68934788126671 1 -0.00439321658828984
2702 11.298 1.68496605978008 1 -0.00438182148663246
2703 11.298 1.68059560383855 1 -0.00437045594152852
2704 11.298 1.67623648396224 1 -0.00435911987631465
2705 11.298 1.67188867074771 1 -0.00434781321452604
2706 11.298 1.66755213486781 1 -0.00433653587989613
2707 11.298 1.66322684707146 1 -0.00432528779635644
2708 11.298 1.65891277818342 1 -0.00431406888803565
2709 11.298 1.65460989910416 1 -0.00430287907925897
2710 11.298 1.65031818080961 1 -0.00429171829454855
2711 11.298 1.64603759435099 1 -0.00428058645862173
2712 11.298 1.6417681108546 1 -0.00426948349639122
2713 11.298 1.63750970152164 1 -0.00425840933296473
2714 11.298 1.63326233762799 1 -0.00424736389364422
2715 11.298 1.62902599052407 1 -0.00423634710392484
2716 11.298 1.62480063163457 1 -0.0042253588894956
2717 11.298 1.62058623245833 1 -0.00421439917623823
2718 11.298 1.61638276456811 1 -0.0042034678902263
2719 11.298 1.61219019961038 1 -0.00419256495772569
2720 11.298 1.60800850930519 1 -0.00418169030519278
2721 11.298 1.60383766544591 1 -0.00417084385927535
2722 11.298 1.5996776398991 1 -0.00416002554681127
2723 11.298 1.59552840460427 1 -0.00414923529482825
2724 11.298 1.59138993157373 1 -0.00413847303054293
2725 11.298 1.58726219289237 1 -0.00412773868136118
2726 11.298 1.58314516071749 1 -0.00411703217487669
2727 11.298 1.57903880727862 1 -0.00410635343887167
2728 11.298 1.57494310487731 1 -0.00409570240131463
2729 11.298 1.57085802588695 1 -0.0040850789903617
2730 11.298 1.56678354275259 1 -0.00407448313435554
2731 11.298 1.56271962799077 1 -0.00406391476182355
2732 11.298 1.55866625418929 1 -0.00405337380147985
2733 11.298 1.55462339400706 1 -0.00404286018222266
2734 11.298 1.55059102017393 1 -0.00403237383313471
2735 11.298 1.54656910549045 1 -0.00402191468348301
2736 11.298 1.54255762282773 1 -0.00401148266271734
2737 11.298 1.53855654512726 1 -0.00400107770047153
2738 11.298 1.5345658454007 1 -0.00399069972656108
2739 11.298 1.53058549672971 1 -0.00398034867098351
2740 11.298 1.52661547226579 1 -0.0039700244639187
2741 11.298 1.52265574523007 1 -0.00395972703572678
2742 11.298 1.51870628891312 1 -0.0039494563169491
2743 11.298 1.51476707667481 1 -0.00393921223830662
2744 11.298 1.51083808194411 1 -0.00392899473070041
2745 11.298 1.5069192782189 1 -0.00391880372521092
2746 11.298 1.5030106390658 1 -0.00390863915309669
2747 11.298 1.49911213812001 1 -0.00389850094579525
2748 11.298 1.49522374908509 1 -0.00388838903492172
2749 11.298 1.49134544573282 1 -0.00387830335226824
2750 11.298 1.48747720190301 1 -0.00386824382980455
2751 11.298 1.48361899150334 1 -0.00385821039967627
2752 11.298 1.47977078850913 1 -0.00384820299420552
2753 11.298 1.47593256696324 1 -0.0038382215458892
2754 11.298 1.47210430097584 1 -0.00382826598740027
2755 11.298 1.46828596472426 1 -0.00381833625158556
2756 11.298 1.46447753245279 1 -0.00380843227146643
2757 11.298 1.46067897847255 1 -0.00379855398023787
2758 11.298 1.45689027716128 1 -0.00378870131126807
2759 11.298 1.45311140296319 1 -0.00377887419809841
2760 11.298 1.44934233038874 1 -0.00376907257444237
2761 11.298 1.44558303401456 1 -0.00375929637418504
2762 11.298 1.44183348848317 1 -0.00374954553138385
2763 11.298 1.43809366850291 1 -0.00373981998026629
2764 11.298 1.43436354884768 1 -0.00373011965523107
2765 11.298 1.43064310435683 1 -0.00372044449084719
2766 11.298 1.42693230993498 1 -0.00371079442185263
2767 11.298 1.42323114055182 1 -0.00370116938315546
2768 11.298 1.41953957124199 1 -0.00369156930983228
2769 11.298 1.41585757710486 1 -0.00368199413712755
2770 11.298 1.41218513330441 1 -0.00367244380045473
2771 11.298 1.40852221506901 1 -0.003662918235394
2772 11.298 1.40486879769132 1 -0.00365341737769276
2773 11.298 1.40122485652806 1 -0.00364394116326561
2774 11.298 1.39759036699986 1 -0.00363448952819256
2775 11.298 1.39396530459114 1 -0.00362506240871974
2776 11.298 1.39034964484988 1 -0.0036156597412591
2777 11.298 1.3867433633875 1 -0.00360628146238695
2778 11.298 1.38314643587865 1 -0.00359692750884433
2779 11.298 1.37955883806112 1 -0.00358759781753637
2780 11.298 1.37598054573558 1 -0.00357829232553164
2781 11.298 1.37241153476552 1 -0.00356901097006235
2782 11.298 1.368851781077 1 -0.00355975368852302
2783 11.298 1.36530126065853 1 -0.00355052041847093
2784 11.298 1.3617599495609 1 -0.00354131109762545
2785 11.298 1.35822782389704 1 -0.00353212566386696
2786 11.298 1.3547048598418 1 -0.00352296405523722
2787 11.298 1.35119103363186 1 -0.00351382620993901
2788 11.298 1.34768632156552 1 -0.00350471206633518
2789 11.298 1.34419070000258 1 -0.00349562156294803
2790 11.298 1.34070414536412 1 -0.0034865546384597
2791 11.298 1.3372266341324 1 -0.00347751123171181
2792 11.298 1.3337581428507 1 -0.00346849128170379
2793 11.298 1.33029864812311 1 -0.00345949472759388
2794 11.298 1.32684812661441 1 -0.00345052150869773
2795 11.298 1.32340655504992 1 -0.00344157156448888
2796 11.298 1.31997391021532 1 -0.00343264483459715
2797 11.298 1.31655016895651 1 -0.00342374125880984
2798 11.298 1.31313530817944 1 -0.00341486077706943
2799 11.298 1.30972930484997 1 -0.00340600332947516
2800 11.298 1.30633213599369 1 -0.00339716885628105
2801 11.298 1.30294377869579 1 -0.00338835729789611
2802 11.298 1.29956421010091 1 -0.00337956859488431
2803 11.298 1.29619340741294 1 -0.00337080268796308
2804 11.298 1.29283134789494 1 -0.00336205951800439
2805 11.298 1.28947800886891 1 -0.00335333902603296
2806 11.298 1.28613336771568 1 -0.00334464115322719
2807 11.298 1.28279740187476 1 -0.00333596584091711
2808 11.298 1.27947008884418 1 -0.00332731303058575
2809 11.298 1.27615140618031 1 -0.00331868266386737
2810 11.298 1.27284133149776 1 -0.00331007468254807
2811 11.298 1.2695398424692 1 -0.00330148902856453
2812 11.298 1.26624691682519 1 -0.00329292564400419
2813 11.298 1.26296253235409 1 -0.00328438447110502
2814 11.298 1.25968666690183 1 -0.00327586545225445
2815 11.298 1.25641929837184 1 -0.0032673685299891
2816 11.298 1.25316040472485 1 -0.0032588936469955
2817 11.298 1.24990996397874 1 -0.00325044074610781
2818 11.298 1.24666795420843 1 -0.0032420097703092
2819 11.298 1.2434343535457 1 -0.00323360066273048
2820 11.298 1.24020914017905 1 -0.00322521336665016
2821 11.298 1.23699229235356 1 -0.00321684782549325
2822 11.298 1.23378378837073 1 -0.00320850398283223
2823 11.298 1.23058360658834 1 -0.00320018178238568
2824 11.298 1.22739172542032 1 -0.00319188116801805
2825 11.298 1.22420812333658 1 -0.00318360208373947
2826 11.298 1.22103277886288 1 -0.00317534447370527
2827 11.298 1.21786567058066 1 -0.003167108282216
2828 11.298 1.21470677712695 1 -0.00315889345371589
2829 11.298 1.21155607719415 1 -0.00315069993279415
2830 11.298 1.20841354952997 1 -0.00314252766418277
2831 11.298 1.20527917293721 1 -0.00313437659275828
2832 11.298 1.20215292627367 1 -0.00312624666353911
2833 11.298 1.19903478845198 1 -0.00311813782168668
2834 11.298 1.19592473843948 1 -0.00311005001250497
2835 11.298 1.19282275525804 1 -0.00310198318143917
2836 11.298 1.18972881798396 1 -0.00309393727407681
2837 11.298 1.18664290574782 1 -0.00308591223614574
2838 11.298 1.1835649977343 1 -0.00307790801351526
2839 11.298 1.18049507318211 1 -0.00306992455219435
2840 11.298 1.17743311138378 1 -0.00306196179833274
2841 11.298 1.17437909168556 1 -0.00305401969821939
2842 11.298 1.17133299348727 1 -0.00304609819828294
2843 11.298 1.16829479624218 1 -0.00303819724509058
2844 11.298 1.16526447945683 1 -0.00303031678534804
2845 11.298 1.16224202269093 1 -0.00302245676590007
2846 11.298 1.15922740555721 1 -0.00301461713372819
2847 11.298 1.15622060772125 1 -0.00300679783595248
2848 11.298 1.15322160890142 1 -0.00299899881982935
2849 11.298 1.15023038886867 1 -0.00299122003275243
2850 11.298 1.14724692744642 1 -0.00298346142225192
2851 11.298 1.14427120451043 1 -0.00297572293599369
2852 11.298 1.14130319998865 1 -0.0029680045217797
2853 11.298 1.1383428938611 1 -0.00296030612754716
2854 11.298 1.13539026615973 1 -0.00295262770136828
2855 11.298 1.13244529696828 1 -0.00294496919145004
2856 11.298 1.12950796642215 1 -0.00293733054613399
2857 11.298 1.12657825470825 1 -0.00292971171389511
2858 11.298 1.12365614206491 1 -0.00292211264334252
2859 11.298 1.12074160878169 1 -0.00291453328321856
2860 11.298 1.11783463519929 1 -0.00290697358239811
2861 11.298 1.1149352017094 1 -0.0028994334898893
2862 11.298 1.11204328875457 1 -0.00289191295483193
2863 11.298 1.10915887682807 1 -0.00288441192649813
2864 11.298 1.10628194647378 1 -0.00287693035429148
2865 11.298 1.10341247828604 1 -0.0028694681877468
2866 11.298 1.10055045290951 1 -0.00286202537652969
2867 11.298 1.09769585103907 1 -0.00285460187043651
2868 11.298 1.09484865341968 1 -0.00284719761939356
2869 11.298 1.09200884084622 1 -0.00283981257345745
2870 11.298 1.0891763941634 1 -0.00283244668281379
2871 11.298 1.08635129426563 1 -0.00282509989777791
2872 11.298 1.08353352209683 1 -0.00281777216879364
2873 11.298 1.0807230586504 1 -0.00281046344643365
2874 11.298 1.077919884969 1 -0.00280317368139871
2875 11.298 1.07512398214448 1 -0.00279590282451703
2876 11.298 1.07233533131774 1 -0.00278865082674518
2877 11.298 1.06955391367857 1 -0.00278141763916606
2878 11.298 1.06677971046558 1 -0.00277420321299027
2879 11.298 1.06401270296603 1 -0.0027670074995545
2880 11.298 1.06125287251571 1 -0.0027598304503218
2881 11.298 1.05850020049882 1 -0.00275267201688068
2882 11.298 1.05575466834788 1 -0.00274553215094619
2883 11.298 1.05301625754352 1 -0.00273841080435755
2884 11.298 1.05028494961444 1 -0.00273130792907939
2885 11.298 1.04756072613724 1 -0.00272422347720136
2886 11.298 1.0448435687363 1 -0.00271715740093659
2887 11.298 1.04213345908368 1 -0.00271010965262253
2888 11.298 1.03943037889896 1 -0.00270308018472032
2889 11.298 1.03673430994915 1 -0.00269606894981433
2890 11.298 1.03404523404853 1 -0.00268907590061196
2891 11.298 1.03136313305859 1 -0.00268210098994315
2892 11.298 1.02868798888783 1 -0.0026751441707602
2893 11.298 1.02601978349169 1 -0.00266820539613755
2894 11.298 1.02335849887242 1 -0.00266128461927129
2895 11.298 1.02070411707894 1 -0.00265438179347921
2896 11.298 1.01805662020674 1 -0.00264749687219967
2897 11.298 1.01541599039775 1 -0.00264062980899182
2898 11.298 1.01278220984022 1 -0.00263378055753605
2899 11.298 1.01015526076858 1 -0.00262694907163197
2900 11.298 1.00753512546338 1 -0.00262013530519933
2901 11.298 1.00492178625111 1 -0.00261333921227758
2902 11.298 1.00231522550408 1 -0.00260656074702514
2903 11.298 0.999715425640362 1 -0.00259979986371983
2904 11.298 0.997122369123604 1 -0.00259305651675723
2905 11.298 0.994536038462952 1 -0.00258633066065195
2906 11.298 0.991956416212916 1 -0.00257962225003627
2907 11.298 0.989383484973256 1 -0.00257293123966007
2908 11.298 0.986817227388865 1 -0.00256625758439066
2909 11.298 0.984257626149653 1 -0.00255960123921262
2910 11.298 0.981704663990426 1 -0.00255296215922707
2911 11.298 0.979158323690774 1 -0.00254634029965162
2912 11.298 0.976618588074954 1 -0.00253973561581999
2913 11.298 0.974085440011772 1 -0.00253314806318206
2914 11.298 0.971558862414469 1 -0.00252657759730279
2915 11.298 0.969038838240607 1 -0.00252002417386266
2916 11.298 0.966525350491949 1 -0.00251348774865723
2917 11.298 0.964018382214353 1 -0.00250696827759656
2918 11.298 0.961517916497648 1 -0.00250046571670492
2919 11.298 0.959023936475527 1 -0.00249398002212087
2920 11.298 0.95653642532543 1 -0.00248751115009671
2921 11.298 0.954055366268432 1 -0.00248105905699825
2922 11.298 0.951580742569128 1 -0.00247462369930418
2923 11.298 0.949112537535521 1 -0.00246820503360656
2924 11.298 0.946650734518912 1 -0.00246180301660959
2925 11.298 0.944195316913782 1 -0.00245541760512991
2926 11.298 0.941746268157685 1 -0.00244904875609653
2927 11.298 0.939303571731136 1 -0.00244269642654948
2928 11.298 0.936867211157495 1 -0.00243636057364094
2929 11.298 0.934437170002861 1 -0.00243004115463363
2930 11.298 0.93201343187596 1 -0.00242373812690155
2931 11.298 0.929595980428031 1 -0.00241745144792904
2932 11.298 0.92718479935272 1 -0.0024111810753108
2933 11.298 0.924779872385968 1 -0.00240492696675143
2934 11.298 0.922381183305903 1 -0.00239868908006535
2935 11.298 0.919988715932727 1 -0.00239246737317633
2936 11.298 0.917602454128609 1 -0.00238626180411738
2937 11.298 0.915222381797579 1 -0.00238007233103021
2938 11.298 0.912848482885414 1 -0.00237389891216511
2939 11.298 0.910480741379533 1 -0.00236774150588082
2940 11.298 0.908119141308889 1 -0.00236160007064401
2941 11.298 0.90576366674386 1 -0.00235547456502905
2942 11.298 0.903414301796143 1 -0.00234936494771765
2943 11.298 0.901071030618644 1 -0.002343271177499
2944 11.298 0.898733837405375 1 -0.00233719321326886
2945 11.298 0.896402706391345 1 -0.00233113101402982
2946 11.298 0.894077621852454 1 -0.00232508453889069
2947 11.298 0.891758568105388 1 -0.00231905374706642
2948 11.298 0.88944552950751 1 -0.00231303859787768
2949 11.298 0.88713849045676 1 -0.00230703905075058
2950 11.298 0.884837435391543 1 -0.00230105506521683
2951 11.298 0.88254234879063 1 -0.0022950866009126
2952 11.298 0.880253215173051 1 -0.00228913361757921
2953 11.298 0.877970019097989 1 -0.002283196075062
2954 11.298 0.875692745164678 1 -0.0022772739333109
2955 11.298 0.873421378012299 1 -0.00227136715237919
2956 11.298 0.871155902319874 1 -0.00226547569242441
2957 11.298 0.868896302806168 1 -0.0022595995137068
2958 11.298 0.866642564229578 1 -0.00225373857659006
2959 11.298 0.864394671388037 1 -0.0022478928415407
2960 11.298 0.862152609118909 1 -0.00224206226912749
2961 11.298 0.859916362298887 1 -0.00223624682002188
2962 11.298 0.85768591584389 1 -0.00223044645499704
2963 11.298 0.855461254708963 1 -0.00222466113492781
2964 11.298 0.853242363888172 1 -0.00221889082079085
2965 11.298 0.851029228414508 1 -0.00221313547366386
2966 11.298 0.848821833359783 1 -0.00220739505472534
2967 11.298 0.846620163834528 1 -0.00220166952525469
2968 11.298 0.844424204987896 1 -0.00219595884663182
2969 11.298 0.84223394200756 1 -0.00219026298033653
2970 11.298 0.840049360119611 1 -0.00218458188794868
2971 11.298 0.837870444588463 1 -0.00217891553114791
2972 11.298 0.83569718071675 1 -0.00217326387171302
2973 11.298 0.833529553845228 1 -0.00216762687152217
2974 11.298 0.831367549352676 1 -0.00216200449255222
2975 11.298 0.829211152655797 1 -0.00215639669687862
2976 11.298 0.827060349209121 1 -0.00215080344667551
2977 11.298 0.824915124504907 1 -0.00214522470421474
2978 11.298 0.82277546407304 1 -0.00213966043186631
2979 11.298 0.820641353480943 1 -0.00213411059209778
2980 11.298 0.818512778333469 1 -0.00212857514747378
2981 11.298 0.816389724272812 1 -0.00212305406065649
2982 11.298 0.814272176978408 1 -0.00211754729440461
2983 11.298 0.812160122166834 1 -0.0021120548115735
2984 11.298 0.810053545591719 1 -0.00210657657511504
2985 11.298 0.807952433043642 1 -0.00210111254807688
2986 11.298 0.80585677035004 1 -0.00209566269360273
2987 11.298 0.803766543375108 1 -0.002090226974932
2988 11.298 0.801681738019708 1 -0.00208480535539923
2989 11.298 0.799602340221274 1 -0.00207939779843425
2990 11.298 0.797528335953713 1 -0.00207400426756144
2991 11.298 0.795459711227312 1 -0.00206862472640024
2992 11.298 0.793396452088648 1 -0.00206325913866401
2993 11.298 0.791338544620488 1 -0.00205790746816048
2994 11.298 0.789285974941697 1 -0.00205256967879131
2995 11.298 0.787238729207145 1 -0.00204724573455162
2996 11.298 0.785196793607615 1 -0.00204193559952992
2997 11.298 0.783160154369707 1 -0.00203663923790809
2998 11.298 0.781128797755746 1 -0.00203135661396059
2999 11.298 0.779102710063692 1 -0.00202608769205481
3000 11.298 0.777081877627041 1 -0.00202083243665052
