"t" "Tt" "Vt" "dt" "Vdt"
2006 0.632 7.208 1 NA
2007 0.627 7.20796090196954 1 -3.90980304603161e-05
2008 0.637 7.20792058363505 1 -4.0318334487921e-05
2009 0.662 7.20787711213565 1 -4.3471499400205e-05
2010 0.697 7.20782897719112 1 -4.81349445360379e-05
2011 0.736 7.20777529421086 1 -5.36829802531003e-05
2012 0.774 7.20771583801052 1 -5.94562003470855e-05
2013 0.806 7.2076512308139 1 -6.46071966130535e-05
2014 0.834 7.207581894013 1 -6.93368009043738e-05
2015 0.858 7.20750833459088 1 -7.35594221188407e-05
2016 0.881 7.20743057956649 1 -7.77550243924452e-05
2017 0.908 7.20734770949738 1 -8.28700691029027e-05
2018 0.936 7.20725931468637 1 -8.83948110157462e-05
2019 0.965 7.20716495673274 1 -9.43579536327732e-05
2020 1.002 7.20706262606554 1 -0.000102330667195893
2021 1.048 7.2069497992267 1 -0.000112826838838842
2022 1.096 7.20682531026605 1 -0.000124488960651092
2023 1.141 7.20668921077177 1 -0.000136099494282504
2024 1.183 7.20654166701852 1 -0.000147543753246104
2025 1.22 7.20638354360257 1 -0.000158123415950229
2026 1.254 7.20621527813409 1 -0.000168265468476037
2027 1.288 7.20603645958454 1 -0.000178818549556148
2028 1.325 7.20584567977498 1 -0.000190779809555508
2029 1.364 7.2056417432596 1 -0.000203936515381642
2030 1.405 7.20542335504081 1 -0.00021838821879161
2031 1.454 7.20518684043345 1 -0.00023651460736307
2032 1.514 7.2049268294447 1 -0.00026001098874584
2033 1.572 7.20464270919525 1 -0.000284120249451014
2034 1.629 7.20433351978336 1 -0.000309189411889399
2035 1.683 7.20399928995192 1 -0.000334229831438826
2036 1.732 7.20364122620333 1 -0.000358063748589821
2037 1.777 7.20326032204024 1 -0.000380904163088225
2038 1.824 7.20285456527763 1 -0.000405756762612342
2039 1.87 7.20242348074691 1 -0.000431084530720938
2040 1.918 7.20196488487156 1 -0.000458595875346468
2041 1.964 7.20147887007381 1 -0.000486014797752787
2042 2.019 7.20095867855309 1 -0.000520191520720026
2043 2.08 7.20039877396703 1 -0.000559904586062032
2044 2.139 7.19979861587647 1 -0.000600158090557912
2045 2.196 7.19915781032777 1 -0.000640805548703938
2046 2.242 7.19848293029679 1 -0.000674880030978819
2047 2.279 7.19777981282235 1 -0.00070311747443963
2048 2.308 7.19705404977054 1 -0.00072576305180938
2049 2.339 7.19630355017437 1 -0.000750499596174237
2050 2.377 7.19552195942272 1 -0.000781590751640415
2051 2.422 7.19470245109719 1 -0.000819508325530904
2052 2.469 7.19384206559564 1 -0.000860385501554539
2053 2.526 7.1929303080363 1 -0.000911757559336479
2054 2.588 7.19196041330041 1 -0.000969894735891152
2055 2.654 7.19092599570964 1 -0.00103441759076706
2056 2.721 7.18982324886458 1 -0.00110274684506528
2057 2.784 7.18865361479926 1 -0.00116963406532289
2058 2.846 7.18741560522941 1 -0.00123800956984699
2059 2.92 7.18609255724745 1 -0.00132304798195992
2060 2.997 7.18467701941921 1 -0.00141553782824122
2061 3.082 7.18315451393788 1 -0.00152250548133015
2062 3.171 7.18151442103564 1 -0.00164009290223621
2063 3.259 7.17976216416648 1 -0.00175225686916303
2064 3.357 7.17791064148933 1 -0.00185152267714539
2065 3.448 7.17596459051346 1 -0.00194605097587264
2066 3.536 7.17392496843916 1 -0.00203962207429598
2067 3.62 7.17179406706377 1 -0.00213090137539584
2068 3.692 7.16958348235678 1 -0.00221058470699287
2069 3.756 7.16730096666921 1 -0.00228251568756566
2070 3.815 7.16495122415504 1 -0.00234974251417164
2071 3.869 7.16253920742739 1 -0.00241201672764646
2072 3.92 7.16006771720719 1 -0.00247149022020299
2073 3.968 7.1575396828629 1 -0.00252803434428639
2074 4.016 7.15495450795294 1 -0.00258517490996635
2075 4.073 7.15230052493681 1 -0.00265398301612674
2076 4.136 7.14956939562913 1 -0.0027311293076826
2077 4.201 7.14675754492389 1 -0.00281185070523637
2078 4.266 7.14386386593467 1 -0.00289367898921888
2079 4.328 7.14089116454926 1 -0.00297270138541172
2080 4.387 7.13784240354645 1 -0.00304876100280893
2081 4.446 7.13471669146004 1 -0.00312571208641277
2082 4.506 7.13151178997826 1 -0.00320490148177655
2083 4.57 7.12822131152106 1 -0.00329047845719721
2084 4.635 7.12484282613692 1 -0.00337848538414942
2085 4.703 7.12137104674635 1 -0.00347177939056564
2086 4.779 7.11779340006909 1 -0.00357764667726368
2087 4.865 7.11409392655774 1 -0.00369947351134581
2088 4.95 7.1102721944925 1 -0.00382173206523806
2089 5.033 7.10632934775671 1 -0.00394284673579381
2090 5.111 7.10227122735439 1 -0.00405812040232334
2091 5.18 7.09811014283368 1 -0.00416108452070496
2092 5.244 7.09385269838331 1 -0.00425744445036802
2093 5.31 7.08949477191434 1 -0.00435792646897237
2094 5.375 7.08503690891197 1 -0.0044578630023695
2095 5.441 7.08047650285265 1 -0.00456040605932273
2096 5.505 7.07581577152878 1 -0.00466073132386491
2097 5.574 7.07104556104881 1 -0.0047702104799745
2098 5.652 7.06614981129286 1 -0.0048957497559492
2099 5.727 7.06113211995406 1 -0.00501769133880092
2100 5.8 7.05599457077899 1 -0.00513754917506581
2101 5.869 7.05074281026751 1 -0.00525176051148524
2102 5.933 7.04538444321079 1 -0.00535836705671233
2103 5.996 7.03992032041496 1 -0.00546412279583208
2104 6.063 7.03434250432539 1 -0.00557781608957519
2105 6.131 7.02864822589714 1 -0.00569427842824499
2106 6.199 7.02283647931168 1 -0.0058117465854659
2107 6.267 7.01690626881265 1 -0.00593021049902287
2108 6.338 7.01085108839852 1 -0.00605518041413511
2109 6.414 7.00466056346553 1 -0.00619052493298611
2110 6.485 6.99834284374009 1 -0.00631771972544115
2111 6.552 6.99190446001035 1 -0.00643838372973793
2112 6.611 6.98535979316379 1 -0.00654466684656541
2113 6.664 6.9787197258367 1 -0.00664006732708611
2114 6.715 6.97198763112956 1 -0.00673209470714209
2115 6.767 6.96516111662204 1 -0.00682651450752303
2116 6.823 6.95823187752472 1 -0.00692923909731746
2117 6.88 6.95119738825359 1 -0.00703448927113293
2118 6.941 6.94404912257837 1 -0.00714826567521776
2119 7.009 6.93677237359041 1 -0.00727674898795438
2120 7.084 6.92935210899736 1 -0.00742026459305656
2121 7.159 6.92178725089596 1 -0.00756485810139829
2122 7.23 6.91408498494124 1 -0.00770226595471524
2123 7.297 6.906252710321 1 -0.0078322746202435
2124 7.358 6.89830220838614 1 -0.00795050193486357
2125 7.414 6.89024341208667 1 -0.00805879629947093
2126 7.471 6.88207374232837 1 -0.00816966975830091
2127 7.532 6.87378419662771 1 -0.00828954570065399
2128 7.601 6.86535703063089 1 -0.00842716599682269
2129 7.671 6.85678930583713 1 -0.00856772479375678
2130 7.748 6.84806495615876 1 -0.00872434967836799
2131 7.832 6.83916756813929 1 -0.0088973880194736
2132 7.907 6.83011592063141 1 -0.00905164750788501
2133 7.97 6.82093596704436 1 -0.00917995358704626
2134 8.017 6.81166313267183 1 -0.00927283437253301
2135 8.047 6.80233552144305 1 -0.00932761122877412
2136 8.068 6.79297343456716 1 -0.00936208687588724
2137 8.084 6.78358820342483 1 -0.00938523114233902
2138 8.106 6.77416635420768 1 -0.0094218492171434
2139 8.139 6.76468307255886 1 -0.00948328164882195
2140 8.18 6.75512020409782 1 -0.00956286846103982
2141 8.235 6.74544574849437 1 -0.00967445560344693
2142 8.303 6.73562957077938 1 -0.00981617771499277
2143 8.372 6.72566877480287 1 -0.00996079597650645
2144 8.44 6.71556509340166 1 -0.0101036814012119
2145 8.49 6.70536008190774 1 -0.0102050114939196
2146 8.524 6.69509109149896 1 -0.0102689904087798
2147 8.543 6.68479334253778 1 -0.0102977489611806
2148 8.554 6.67448567376247 1 -0.0103076687753143
2149 8.566 6.66416580510114 1 -0.0103198686613286
2150 8.585 6.65381740135746 1 -0.0103484037436825
2151 8.607 6.64343351133 1 -0.0103838900274615
2152 8.643 6.6329813179434 1 -0.0104521933865991
2153 8.692 6.62243017492498 1 -0.0105511430184206
2154 8.749 6.61176099874482 1 -0.0106691761801514
2155 8.806 6.60097355640359 1 -0.0107874423412389
2156 8.859 6.59007720454735 1 -0.0108963518562346
2157 8.9 6.57910062944562 1 -0.0109765751017301
2158 8.931 6.5680679121752 1 -0.0110327172704157
2159 8.956 6.55699359351388 1 -0.0110743186613274
2160 8.974 6.54589464521717 1 -0.0110989482967074
2161 8.991 6.53477357947005 1 -0.0111210657471164
2162 9.005 6.52363772242831 1 -0.0111358570417401
2163 9.028 6.51246548559848 1 -0.0111722368298377
2164 9.06 6.50123526836624 1 -0.0112302172322316
2165 9.094 6.48994233430371 1 -0.0112929340625332
2166 9.126 6.47859162388975 1 -0.0113507104139616
2167 9.157 6.46718567064734 1 -0.0114059532424085
2168 9.188 6.45572458820326 1 -0.0114610824440762
2169 9.219 6.44420849321798 1 -0.0115160949852804
2170 9.249 6.43263994265242 1 -0.0115685505655678
2171 9.284 6.42100685628538 1 -0.0116330863670333
2172 9.317 6.40931423737836 1 -0.0116926189070252
2173 9.348 6.39756710808405 1 -0.011747129294311
2174 9.383 6.38575578832539 1 -0.011811319758654
2175 9.422 6.3738705668662 1 -0.0118852214591918
2176 9.455 6.36192633187589 1 -0.0119442349903158
2177 9.484 6.34993308563601 1 -0.0119932462398715
2178 9.506 6.33790824790519 1 -0.0120248377308201
2179 9.522 6.32586676082657 1 -0.012041487078621
2180 9.536 6.31381367106655 1 -0.0120530897600224
2181 9.55 6.3017490828016 1 -0.0120645882649546
2182 9.571 6.28965585836028 1 -0.0120932244413163
2183 9.597 6.27752181446192 1 -0.0121340438983637
2184 9.627 6.26533723531092 1 -0.0121845791509978
2185 9.667 6.25307755600213 1 -0.0122596793087917
2186 9.711 6.24073299304397 1 -0.0123445629581589
2187 9.752 6.22831111798481 1 -0.01242187505916
2188 9.79 6.21581954143207 1 -0.0124915765527422
2189 9.819 6.20328085984644 1 -0.012538681585621
2190 9.836 6.19072516063729 1 -0.0125556992091527
2191 9.849 6.17816253671343 1 -0.0125626239238583
2192 9.859 6.16560055251752 1 -0.0125619841959086
2193 9.871 6.15303431489294 1 -0.0125662376245819
2194 9.885 6.14045895355649 1 -0.0125753613364479
2195 9.9 6.12787209990191 1 -0.0125868536545877
2196 9.926 6.11524658061578 1 -0.0126255192861269
2197 9.96 6.10256269733027 1 -0.0126838832855114
2198 9.995 6.08981815044442 1 -0.0127445468858483
2199 10.026 6.07702309991427 1 -0.0127950505301495
2200 10.053 6.06418771581837 1 -0.012835384095899
2201 10.072 6.0513321353342 1 -0.0128555804841683
2202 10.085 6.03847145872114 1 -0.0128606766130659
2203 10.098 6.02560579365766 1 -0.0128656650634742
2204 10.112 6.01273276221958 1 -0.0128730314380823
2205 10.126 5.99985248178681 1 -0.0128802804327739
2206 10.139 5.98696755169406 1 -0.0128849300927438
2207 10.162 5.97405327391284 1 -0.012914277781225
2208 10.191 5.96109493580476 1 -0.0129583381080778
2209 10.218 5.94809771405444 1 -0.0129972217503216
2210 10.24 5.93507423631179 1 -0.0130234777426459
2211 10.253 5.92204703030447 1 -0.0130272060073207
2212 10.261 5.90902860003609 1 -0.0130184302683789
2213 10.264 5.89603136874183 1 -0.0129972312942614
2214 10.268 5.88305285146985 1 -0.0129785172719785
2215 10.277 5.87008072137371 1 -0.0129721300961467
2216 10.291 5.85710272869897 1 -0.0129779926747355
2217 10.31 5.8441066835612 1 -0.0129960451377764
2218 10.339 5.83106812327924 1 -0.0130385602819576
2219 10.374 5.81797247115199 1 -0.0130956521272454
2220 10.404 5.80483229985751 1 -0.0131401712944799
2221 10.422 5.79167744867809 1 -0.0131548511794213
2222 10.431 5.77853025233777 1 -0.0131471963403174
2223 10.433 5.76540798530296 1 -0.0131222670348166
2224 10.43 5.75232287263668 1 -0.0130851126662774
2225 10.431 5.73926501178555 1 -0.013057860851128
2226 10.439 5.72621726046116 1 -0.0130477513243914
2227 10.452 5.7131674736502 1 -0.0130497868109627
2228 10.471 5.70010113459 1 -0.0130663390601962
2229 10.498 5.68699890499552 1 -0.0131022295944847
2230 10.529 5.67385124390256 1 -0.0131476610929582
2231 10.554 5.66067303538224 1 -0.0131782085203227
2232 10.571 5.64748400924862 1 -0.0131890261336203
2233 10.579 5.6343062412865 1 -0.0131777679621123
2234 10.579 5.62115922216196 1 -0.0131470191245446
2235 10.579 5.60804288012603 1 -0.0131163420359277
2236 10.585 5.5949426326131 1 -0.0131002475129289
2237 10.598 5.58184159242161 1 -0.0131010401914882
2238 10.617 5.56872538502557 1 -0.0131162073960462
2239 10.643 5.555577281345 1 -0.0131481036805647
2240 10.673 5.54238784076364 1 -0.0131894405813586
2241 10.703 5.52915730598407 1 -0.0132305347795754
2242 10.724 5.51590767267468 1 -0.0132496333093846
2243 10.733 5.50266809134453 1 -0.0132395813301587
2244 10.736 5.48945306899802 1 -0.0132150223465066
2245 10.735 5.47627218430296 1 -0.0131808846950623
2246 10.738 5.46311576255568 1 -0.0131564217472731
2247 10.744 5.44997660488173 1 -0.0131391576739519
2248 10.755 5.43684279438125 1 -0.0131338105004808
2249 10.773 5.42369772180685 1 -0.0131450725743978
2250 10.79 5.41054393586703 1 -0.0131537859398243
2251 10.8 5.39739825903465 1 -0.0131456768323801
2252 10.807 5.38426789473578 1 -0.0131303642988652
2253 10.811 5.37115999035634 1 -0.0131079043794466
2254 10.813 5.35807926589952 1 -0.0130807244568203
2255 10.816 5.34502331688237 1 -0.0130559490171516
2256 10.82 5.33198975995677 1 -0.0130335569255902
2257 10.826 5.31897388105596 1 -0.0130158789008172
2258 10.832 5.30597569830675 1 -0.0129981827492038
2259 10.837 5.29299757190425 1 -0.0129781264025075
2260 10.841 5.28004184215257 1 -0.012955729751674
2261 10.842 5.26711549269662 1 -0.0129263494559559
2262 10.844 5.25421613652727 1 -0.01289935616935
2263 10.846 5.24134372951193 1 -0.0128724070153323
2264 10.849 5.22849591159891 1 -0.0128478179130207
2265 10.854 5.21566803228943 1 -0.0128278793094818
2266 10.861 5.20285548020657 1 -0.0128125520828588
2267 10.866 5.19006289249486 1 -0.0127925877117097
2268 10.871 5.17729027154783 1 -0.012772620947036
2269 10.875 5.16453991288242 1 -0.0127503586654036
2270 10.878 5.15181409178595 1 -0.0127258210964687
2271 10.879 5.1391173455308 1 -0.0126967462551519
2272 10.878 5.12645416758346 1 -0.012663177947343
2273 10.878 5.11382219267449 1 -0.0126319749089712
2274 10.881 5.1012145461407 1 -0.012607646533791
2275 10.888 5.08862215308981 1 -0.012592393050892
2276 10.897 5.07604052793655 1 -0.0125816251532544
2277 10.906 5.06346972819791 1 -0.0125707997386408
2278 10.914 5.05091206191019 1 -0.0125576662877238
2279 10.922 5.03836757295237 1 -0.0125444889578148
2280 10.928 5.02584078989005 1 -0.0125267830623255
2281 10.935 5.01332949048046 1 -0.0125112994095833
2282 10.939 5.00084040513683 1 -0.0124890853436304
2283 10.943 4.98837351987419 1 -0.0124668852626426
2284 10.948 4.97592659680466 1 -0.0124469230695272
2285 10.951 4.96350407506108 1 -0.0124225217435816
2286 10.957 4.95109928220329 1 -0.0124047928577902
2287 10.963 4.93871223327519 1 -0.0123870489280966
2288 10.965 4.92635176534352 1 -0.0123604679316758
2289 10.965 4.91402223283798 1 -0.0123295325055421
2290 10.963 4.90172794618315 1 -0.0122942866548277
2291 10.963 4.88946441833998 1 -0.0122635278431682
2292 10.965 4.87722720643305 1 -0.0122372119069354
2293 10.969 4.86501190915329 1 -0.0122152972797602
2294 10.974 4.85281633831264 1 -0.0121955708406487
2295 10.983 4.84063181463066 1 -0.01218452368198
2296 10.993 4.82845622620077 1 -0.0121755884298906
2297 11 4.81629612910969 1 -0.0121600970910736
2298 11.004 4.80415802597477 1 -0.0121381031349248
2299 11.006 4.79204620804219 1 -0.0121118179325812
2300 11.006 4.77996492535279 1 -0.0120812826893939
2301 11.005 4.76791624289356 1 -0.012048682459235
2302 11.004 4.75590006748749 1 -0.012016175406063
2303 11.005 4.74391204443379 1 -0.0119880230537008
2304 11.007 4.7319499873339 1 -0.0119620570998942
2305 11.01 4.72001173021827 1 -0.0119382571156299
2306 11.013 4.70809724348951 1 -0.0119144867287586
2307 11.015 4.69620860918081 1 -0.0118886343087015
2308 11.017 4.68434578261236 1 -0.0118628265684491
2309 11.019 4.67250871915337 1 -0.0118370634589917
2310 11.021 4.66069737422206 1 -0.01181134493131
2311 11.023 4.64891170328569 1 -0.0117856709363711
2312 11.027 4.63714748778696 1 -0.0117642154987276
2313 11.032 4.62540262999314 1 -0.011744857793822
2314 11.036 4.61367920747449 1 -0.0117234225186493
2315 11.039 4.60197927883481 1 -0.0116999286396746
2316 11.041 4.5903048832322 1 -0.0116743956026104
2317 11.042 4.57865803991746 1 -0.0116468433147459
2318 11.041 4.56704280611297 1 -0.0116152338044868
2319 11.041 4.55545703807229 1 -0.0115857680406846
2320 11.042 4.543898613153 1 -0.0115584249192882
2321 11.044 4.53236542914298 1 -0.0115331840100197
2322 11.046 4.52085744201911 1 -0.011507987123867
2323 11.049 4.50937257420882 1 -0.0114848678102888
2324 11.052 4.49791079638938 1 -0.0114617778194424
2325 11.053 4.48647612775434 1 -0.0114346686350384
2326 11.054 4.47506850951072 1 -0.0114076182436245
2327 11.054 4.46368989705032 1 -0.0113786124604021
2328 11.054 4.45234021662107 1 -0.0113496804292499
2329 11.056 4.44101538679856 1 -0.011324829822505
2330 11.058 4.42971536407733 1 -0.0113000227212323
2331 11.063 4.41843412032177 1 -0.0112812437555556
2332 11.068 4.40717165415196 1 -0.0112624661698133
2333 11.073 4.39592796409826 1 -0.0112436900537025
2334 11.076 4.38470701338057 1 -0.0112209507176821
2335 11.078 4.37351075036049 1 -0.0111962630200848
2336 11.079 4.36234110423613 1 -0.01116964612436
2337 11.079 4.35119998462094 1 -0.0111411196151865
2338 11.078 4.34008928113902 1 -0.0111107034819282
2339 11.078 4.32900694861965 1 -0.0110823325193667
2340 11.077 4.31795486691514 1 -0.0110520817045074
2341 11.079 4.30692710670204 1 -0.0110277602131026
2342 11.082 4.29592168206991 1 -0.0110054246321285
2343 11.084 4.28494050279664 1 -0.0109811792732719
2344 11.089 4.27397772367592 1 -0.010962779120721
2345 11.092 4.2630372031334 1 -0.0109405205425128
2346 11.096 4.25211698673152 1 -0.0109202164018845
2347 11.098 4.24122090176415 1 -0.0108960849673743
2348 11.1 4.23034890543025 1 -0.0108719963338979
2349 11.103 4.21949904296407 1 -0.0108498624661806
2350 11.105 4.20867319315058 1 -0.0108258498134832
2351 11.109 4.19786750702971 1 -0.0108056861208716
2352 11.109 4.18708956429665 1 -0.0107779427330668
2353 11.11 4.1763374000919 1 -0.010752164204745
2354 11.11 4.1656128467212 1 -0.0107245533707019
2355 11.109 4.15491771719772 1 -0.0106951295234792
2356 11.109 4.14425004721014 1 -0.0106676699875754
2357 11.111 4.13360601758262 1 -0.0106440296275236
2358 11.113 4.12298558621685 1 -0.010620431365771
2359 11.116 4.11238684544129 1 -0.0105987407755617
2360 11.121 4.10180604369936 1 -0.0105808017419298
2361 11.127 4.09124132084905 1 -0.0105647228503081
2362 11.131 4.0806963949573 1 -0.010544925891752
2363 11.136 4.07016940091701 1 -0.0105269940402906
2364 11.138 4.05966587300481 1 -0.0105035279121939
2365 11.139 4.04918760993491 1 -0.0104782630699054
2366 11.14 4.03873455584921 1 -0.0104530540856942
2367 11.139 4.02831031787753 1 -0.0104242379716792
2368 11.139 4.01791298554568 1 -0.0103973323318582
2369 11.141 4.0075388454155 1 -0.01037414013018
2370 11.143 3.99718785580564 1 -0.0103509896098521
2371 11.144 3.98686178839863 1 -0.0103260674070107
2372 11.145 3.97656058803267 1 -0.0103012003659586
2373 11.149 3.96627878636069 1 -0.0102818016719892
2374 11.152 3.95601816861264 1 -0.0102606177480462
2375 11.154 3.94578050275356 1 -0.0102376658590835
2376 11.157 3.93556395549204 1 -0.0102165472615185
2377 11.159 3.92537028630979 1 -0.0101936691822435
2378 11.161 3.91519945386432 1 -0.0101708324454699
2379 11.163 3.9050514168628 1 -0.0101480370015263
2380 11.166 3.89492435928065 1 -0.0101270575821517
2381 11.168 3.88482002360165 1 -0.0101043356789914
2382 11.171 3.87473660229361 1 -0.0100834213080452
2383 11.171 3.86467935346837 1 -0.0100572488252384
2384 11.174 3.85464293666304 1 -0.0100364168053302
2385 11.176 3.8446290773697 1 -0.0100138592933399
2386 11.177 3.83463948377193 1 -0.00998959359776785
2387 11.179 3.82467235700211 1 -0.00996712676982048
2388 11.181 3.81472765621453 1 -0.00994470078758347
2389 11.185 3.80480186753284 1 -0.00992578868168792
2390 11.187 3.79489844075876 1 -0.00990342677407963
2391 11.189 3.78501733513921 1 -0.00988110561955269
2392 11.191 3.77515850997088 1 -0.00985882516832559
2393 11.192 3.76532364440516 1 -0.00983486556572455
2394 11.195 3.7555092537458 1 -0.00981439065936263
2395 11.197 3.74571702173654 1 -0.00979223200925095
2396 11.198 3.73594861516044 1 -0.00976840657610811
2397 11.2 3.72620227766606 1 -0.00974633749438114
2398 11.202 3.71647796887658 1 -0.0097243087894765
2399 11.203 3.7067773431648 1 -0.00970062571178376
2400 11.205 3.69709865699927 1 -0.00967868616552758
2401 11.206 3.68744355648452 1 -0.00965510051474583
2402 11.208 3.6778103066492 1 -0.00963324983532177
2403 11.209 3.66820054536619 1 -0.00960976128300661
2404 11.21 3.65861421989474 1 -0.00958632547145344
2405 11.211 3.64905127760093 1 -0.0095629422938095
2406 11.211 3.63951333107323 1 -0.00953794652770323
2407 11.214 3.62999533225245 1 -0.00951799882077387
2408 11.216 3.62049891090265 1 -0.00949642134980122
2409 11.219 3.61102237426123 1 -0.00947653664141823
2410 11.221 3.60156734417345 1 -0.00945503008778159
2411 11.227 3.59212719950926 1 -0.00944014466419452
2412 11.229 3.582708515609 1 -0.00941868390025746
2413 11.232 3.57330961517222 1 -0.00939890043677938
2414 11.233 3.56393373833007 1 -0.00937587684214858
2415 11.234 3.55458083311281 1 -0.0093529052172614
2416 11.236 3.54524922225311 1 -0.00933161085969703
2417 11.234 3.53594535119887 1 -0.00930387105424701
2418 11.234 3.52666589648637 1 -0.00927945471249858
2419 11.235 3.51740918154084 1 -0.0092567149455336
2420 11.236 3.5081751550107 1 -0.00923402653013294
2421 11.236 3.49896536997241 1 -0.00920978503829639
2422 11.239 3.48977496203387 1 -0.00919040793853565
2423 11.241 3.48060550089801 1 -0.00916946113586459
2424 11.242 3.47145854031654 1 -0.00914696058147024
2425 11.245 3.46233085226251 1 -0.00912768805402209
2426 11.247 3.45322399478235 1 -0.00910685748016737
2427 11.251 3.44413476712891 1 -0.00908922765343778
2428 11.255 3.43506315402627 1 -0.00907161310264248
2429 11.257 3.4260122878161 1 -0.00905086621016471
2430 11.256 3.41698683873164 1 -0.00902544908446323
2431 11.256 3.40798516619096 1 -0.00900167254067608
2432 11.254 3.39901032958786 1 -0.00897483660310217
2433 11.252 3.39006224124123 1 -0.00894808834663241
2434 11.251 3.38113926158033 1 -0.00892297966089739
2435 11.25 3.37224131619873 1 -0.00889794538159716
2436 11.25 3.36336678701679 1 -0.00887452918194143
2437 11.252 3.35451253232672 1 -0.00885425469007162
2438 11.256 3.34567544141161 1 -0.00883709091510809
2439 11.261 3.33685396612842 1 -0.00882147528319521
2440 11.267 3.32804657247588 1 -0.0088073936525328
2441 11.27 3.31925784676094 1 -0.00878872571494238
2442 11.272 3.31048928539022 1 -0.00876856137072179
2443 11.272 3.30174388813391 1 -0.00874539725631385
2444 11.27 3.29302462270842 1 -0.00871926542548618
2445 11.27 3.28432838317232 1 -0.00869623953609677
2446 11.267 3.27565962713792 1 -0.00866875603439965
2447 11.264 3.26701825700092 1 -0.00864137013700361
2448 11.262 3.25840267824587 1 -0.0086155787550446
2449 11.261 3.24981131330561 1 -0.00859136494026336
2450 11.262 3.24124111163967 1 -0.00857020166594413
2451 11.264 3.2326905394383 1 -0.00855057220136857
2452 11.268 3.22415659556541 1 -0.00853394387288953
2453 11.27 3.21564222313601 1 -0.00851437242939967
2454 11.276 3.20714148420876 1 -0.00850073892724534
2455 11.279 3.19865880180736 1 -0.00848268240140415
2456 11.284 3.19019121301185 1 -0.00846758879550968
2457 11.29 3.1817372479636 1 -0.00845396504825047
2458 11.291 3.17330422393267 1 -0.00843302403093071
2459 11.292 3.16489209304858 1 -0.00841213088409054
2460 11.288 3.15650807823978 1 -0.00838401480879325
2461 11.285 3.1481506226132 1 -0.00835745562658019
2462 11.282 3.13981963165235 1 -0.00833099096085643
2463 11.28 3.13151356996418 1 -0.00830606168817072
2464 11.276 3.12323523006869 1 -0.00827833989548488
2465 11.275 3.11498020758589 1 -0.00825502248280197
2466 11.278 3.10674271553724 1 -0.00823749204865276
2467 11.281 3.09852272915619 1 -0.00821998638104615
2468 11.286 3.09031737774316 1 -0.00820535141302958
2469 11.29 3.08212807705395 1 -0.00818930068921375
2470 11.295 3.07395339611137 1 -0.00817468094257645
2471 11.298 3.06579615747484 1 -0.00815723863653384
2472 11.299 3.05765915582086 1 -0.00813700165398323
2473 11.3 3.04954234480798 1 -0.00811681101287087
2474 11.296 3.04145268875395 1 -0.00808965605403245
2475 11.294 3.03338728842766 1 -0.00806540032629322
2476 11.289 3.02535024532966 1 -0.00803704309799791
2477 11.285 3.01734005501698 1 -0.00801019031267813
2478 11.281 3.00935661498663 1 -0.00798344003035201
2479 11.278 3.00139844204956 1 -0.00795817293706813
2480 11.274 2.99346682346912 1 -0.00793161858044611
2481 11.273 2.9855575386603 1 -0.00790928480881492
2482 11.275 2.97766641205925 1 -0.00789112660105262
2483 11.279 2.96979067642513 1 -0.00787573563411392
2484 11.284 2.96192895443012 1 -0.00786172199501189
2485 11.293 2.95407579837226 1 -0.00785315605786518
2486 11.299 2.94623531634975 1 -0.00784048202250531
2487 11.307 2.93840480279813 1 -0.00783051355161968
2488 11.308 2.93059374914344 1 -0.00781105365468848
2489 11.309 2.92280211073675 1 -0.00779163840669694
2490 11.305 2.91503656745896 1 -0.007765543277785
2491 11.3 2.90729835999113 1 -0.00773820746783693
2492 11.294 2.89958871346991 1 -0.00770964652121897
2493 11.286 2.89191016907086 1 -0.00767854439904436
2494 11.277 2.8842639077227 1 -0.00764626134815982
2495 11.27 2.87664712597928 1 -0.0076167817434194
2496 11.268 2.86905309716158 1 -0.00759402881770477
2497 11.27 2.86147648421959 1 -0.00757661294198808
2498 11.275 2.85391331623153 1 -0.00756316798806145
2499 11.286 2.8463557271128 1 -0.00755758911872828
2500 11.298 2.83880245615564 1 -0.00755327095716396
2501 11.298 2.83126922903966 1 -0.00753322711597804
2502 11.298 2.82375599257525 1 -0.00751323646440705
2503 11.298 2.81626269371395 1 -0.00749329886130257
2504 11.298 2.80878927954806 1 -0.00747341416589231
2505 11.298 2.80133569731028 1 -0.00745358223777748
2506 11.298 2.79390189437335 1 -0.00743380293693052
2507 11.298 2.78648781824965 1 -0.00741407612369693
2508 11.298 2.77909341659086 1 -0.00739440165879257
2509 11.298 2.77171863718756 1 -0.00737477940330189
2510 11.298 2.76436342796888 1 -0.00735520921867883
2511 11.298 2.75702773700213 1 -0.00733569096674458
2512 11.298 2.74971151249245 1 -0.00731622450968805
2513 11.298 2.74241470278238 1 -0.0072968097100623
2514 11.298 2.7351372563516 1 -0.00727744643078632
2515 11.298 2.72787912181645 1 -0.00725813453514235
2516 11.298 2.72064024792968 1 -0.00723887388677547
2517 11.298 2.71342058357999 1 -0.00721966434969223
2518 11.298 2.70622007779173 1 -0.00720050578826115
2519 11.298 2.69903867972452 1 -0.00718139806720952
2520 11.298 2.69187633867289 1 -0.00716234105162394
2521 11.298 2.68473300406594 1 -0.00714333460694982
2522 11.298 2.67760862546695 1 -0.00712437859898873
2523 11.298 2.67050315257306 1 -0.00710547289389796
2524 11.298 2.66341653521486 1 -0.00708661735819138
2525 11.298 2.65634872335613 1 -0.00706781185873595
2526 11.298 2.64929966709338 1 -0.00704905626275254
2527 11.298 2.64226931665556 1 -0.00703035043781375
2528 11.298 2.63525762240372 1 -0.00701169425184389
2529 11.298 2.6282645348306 1 -0.00699308757311856
2530 11.298 2.62129000456034 1 -0.00697453027026151
2531 11.298 2.61433398234809 1 -0.006956022212246
2532 11.298 2.6073964190797 1 -0.00693756326839257
2533 11.298 2.60047726577133 1 -0.00691915330836901
2534 11.298 2.59357647356914 1 -0.00690079220218909
2535 11.298 2.58669399374893 1 -0.00688247982021029
2536 11.298 2.5798297777158 1 -0.00686421603313514
2537 11.298 2.57298377700379 1 -0.00684600071200991
2538 11.298 2.56615594327556 1 -0.00682783372822149
2539 11.298 2.55934622832207 1 -0.00680971495349869
2540 11.298 2.55255458406215 1 -0.00679164425991141
2541 11.298 2.54578096254229 1 -0.00677362151986838
2542 11.298 2.53902531593617 1 -0.00675564660611716
2543 11.298 2.53228759654443 1 -0.00673771939174239
2544 11.298 2.52556775679426 1 -0.00671983975016621
2545 11.298 2.51886574923911 1 -0.00670200755514649
2546 11.298 2.51218152655834 1 -0.00668422268077551
2547 11.298 2.50551504155686 1 -0.00666648500148082
2548 11.298 2.49886624716483 1 -0.00664879439202259
2549 11.298 2.49223509643734 1 -0.00663115072749276
2550 11.298 2.48562154255403 1 -0.00661355388331586
2551 11.298 2.47902553881878 1 -0.00659600373524594
2552 11.298 2.47244703865941 1 -0.00657850015936745
2553 11.298 2.46588599562732 1 -0.00656104303209348
2554 11.298 2.45934236339715 1 -0.00654363223016485
2555 11.298 2.4528160957665 1 -0.00652626763064967
2556 11.298 2.44630714665556 1 -0.00650894911094246
2557 11.298 2.4398154701068 1 -0.00649167654876326
2558 11.298 2.43334102028464 1 -0.00647444982215539
2559 11.298 2.42688375147516 1 -0.00645726880948772
2560 11.298 2.42044361808571 1 -0.00644013338944971
2561 11.298 2.41402057464465 1 -0.0064230434410546
2562 11.298 2.40761457580102 1 -0.00640599884363535
2563 11.298 2.40122557632417 1 -0.00638899947684646
2564 11.298 2.39485353110351 1 -0.00637204522066037
2565 11.298 2.38849839514814 1 -0.0063551359553693
2566 11.298 2.38216012358656 1 -0.00633827156158207
2567 11.298 2.37583867166633 1 -0.00632145192022504
2568 11.298 2.36953399475379 1 -0.00630467691253989
2569 11.298 2.36324604833371 1 -0.0062879464200849
2570 11.298 2.35697478800898 1 -0.00627126032473058
2571 11.298 2.35072016950032 1 -0.00625461850866182
2572 11.298 2.34448214864594 1 -0.00623802085437752
2573 11.298 2.33826068140125 1 -0.00622146724468609
2574 11.298 2.33205572383854 1 -0.00620495756270811
2575 11.298 2.32586723214667 1 -0.00618849169187463
2576 11.298 2.31969516263074 1 -0.0061720695159253
2577 11.298 2.31353947171184 1 -0.00615569091890888
2578 11.298 2.30740011592665 1 -0.00613935578518099
2579 11.298 2.30127705192725 1 -0.00612306399940543
2580 11.298 2.2951702364807 1 -0.00610681544655067
2581 11.298 2.28907962646881 1 -0.00609061001189115
2582 11.298 2.2830051788878 1 -0.00607444758100595
2583 11.298 2.27694685084802 1 -0.00605832803977746
2584 11.298 2.27090459957363 1 -0.00604225127439051
2585 11.298 2.2648783824023 1 -0.00602621717133323
2586 11.298 2.25886815678491 1 -0.00601022561739351
2587 11.298 2.25287388028525 1 -0.00599427649966033
2588 11.298 2.24689551057972 1 -0.00597836970552246
2589 11.298 2.24093300545706 1 -0.00596250512266749
2590 11.298 2.23498632281798 1 -0.0059466826390806
2591 11.298 2.22905542067493 1 -0.00593090214304448
2592 11.298 2.22314025715179 1 -0.00591516352313803
2593 11.298 2.21724079048356 1 -0.00589946666823682
2594 11.298 2.21135697901605 1 -0.00588381146750994
2595 11.298 2.20548878120562 1 -0.00586819781042136
2596 11.298 2.1996361556189 1 -0.00585262558672861
2597 11.298 2.19379906093242 1 -0.00583709468648053
2598 11.298 2.1879774559324 1 -0.00582160500001949
2599 11.298 2.18217129951442 1 -0.00580615641797788
2600 11.298 2.17638055068314 1 -0.00579074883127761
2601 11.298 2.17060516855201 1 -0.00577538213113149
2602 11.298 2.16484511234297 1 -0.00576005620904052
2603 11.298 2.15910034138618 1 -0.00574477095679304
2604 11.298 2.15337081511971 1 -0.00572952626646472
2605 11.298 2.14765649308929 1 -0.00571432203041855
2606 11.298 2.14195733494799 1 -0.00569915814130173
2607 11.298 2.13627330045594 1 -0.00568403449204791
2608 11.298 2.13060434948007 1 -0.00566895097587317
2609 11.298 2.12495044199379 1 -0.0056539074862787
2610 11.298 2.11931153807674 1 -0.0056389039170468
2611 11.298 2.1136875979145 1 -0.00562394016224221
2612 11.298 2.10807858179829 1 -0.00560901611621123
2613 11.298 2.10248445012471 1 -0.00559413167357947
2614 11.298 2.09690516339546 1 -0.00557928672925367
2615 11.298 2.09134068221704 1 -0.00556448117841812
2616 11.298 2.0857909673005 1 -0.005549714916536
2617 11.298 2.08025597946116 1 -0.00553498783934714
2618 11.298 2.07473567961829 1 -0.00552029984286939
2619 11.298 2.06923002879489 1 -0.0055056508233946
2620 11.298 2.0637389881174 1 -0.00549104067749173
2621 11.298 2.0582625188154 1 -0.0054764693020033
2622 11.298 2.05280058222135 1 -0.00546193659404537
2623 11.298 2.04735313977034 1 -0.00544744245100715
2624 11.298 2.04192015299979 1 -0.00543298677055093
2625 11.298 2.03650158354918 1 -0.00541856945060948
2626 11.298 2.0310973931598 1 -0.00540419038938733
2627 11.298 2.02570754367444 1 -0.00538984948535814
2628 11.298 2.02033199703717 1 -0.00537554663726603
2629 11.298 2.01497071529305 1 -0.00536128174412287
2630 11.298 2.00962366058784 1 -0.00534705470520969
2631 11.298 2.00429079516777 1 -0.0053328654200735
2632 11.298 1.99897208137924 1 -0.00531871378852844
2633 11.298 1.99366748166858 1 -0.00530459971065489
2634 11.298 1.98837695858179 1 -0.00529052308679789
2635 11.298 1.98310047476422 1 -0.00527648381756696
2636 11.298 1.97783799296038 1 -0.00526248180383582
2637 11.298 1.97258947601364 1 -0.00524851694674044
2638 11.298 1.96735488686596 1 -0.00523458914767994
2639 11.298 1.96213418855765 1 -0.00522069830831451
2640 11.298 1.95692734422708 1 -0.00520684433056595
2641 11.298 1.95173431711047 1 -0.0051930271166154
2642 11.298 1.94655507054156 1 -0.00517924656890445
2643 11.298 1.94138956795143 1 -0.00516550259013338
2644 11.298 1.93623777286817 1 -0.00515179508326002
2645 11.298 1.93109964891667 1 -0.00513812395150048
2646 11.298 1.92597515981834 1 -0.00512448909832752
2647 11.298 1.92086426939087 1 -0.00511089042746993
2648 11.298 1.91576694154796 1 -0.00509732784291206
2649 11.298 1.91068314029907 1 -0.00508380124889274
2650 11.298 1.90561282974916 1 -0.00507031054990548
2651 11.298 1.90055597409846 1 -0.00505685565069669
2652 11.298 1.8955125376422 1 -0.00504343645626615
2653 11.298 1.89048248477033 1 -0.00503005287186498
2654 11.298 1.88546577996734 1 -0.00501670480299632
2655 11.298 1.88046238781192 1 -0.00500339215541401
2656 11.298 1.8754722729768 1 -0.00499011483512168
2657 11.298 1.87049540022843 1 -0.00497687274837255
2658 11.298 1.86553173442676 1 -0.00496366580166896
2659 11.298 1.860581240525 1 -0.00495049390176061
2660 11.298 1.85564388356935 1 -0.00493735695564546
2661 11.298 1.85071962869879 1 -0.00492425487056769
2662 11.298 1.84580844114477 1 -0.00491118755401776
2663 11.298 1.84091028623104 1 -0.00489815491373213
2664 11.298 1.83602512937334 1 -0.00488515685769109
2665 11.298 1.83115293607922 1 -0.00487219329412003
2666 11.298 1.82629367194774 1 -0.0048592641314873
2667 11.298 1.82144730266923 1 -0.00484636927850457
2668 11.298 1.81661379402511 1 -0.00483350864412557
2669 11.298 1.81179311188756 1 -0.00482068213754561
2670 11.298 1.80698522221936 1 -0.00480788966820089
2671 11.298 1.80219009107359 1 -0.00479513114576813
2672 11.298 1.79740768459343 1 -0.00478240648016359
2673 11.298 1.79263796901189 1 -0.00476971558154249
2674 11.298 1.78788091065159 1 -0.00475705836029894
2675 11.298 1.78313647592452 1 -0.00474443472706443
2676 11.298 1.77840463133182 1 -0.00473184459270737
2677 11.298 1.77368534346348 1 -0.00471928786833331
2678 11.298 1.7689785789982 1 -0.0047067644652834
2679 11.298 1.76428430470307 1 -0.00469427429513369
2680 11.298 1.75960248743337 1 -0.00468181726969563
2681 11.298 1.75493309413236 1 -0.00466939330101424
2682 11.298 1.75027609183099 1 -0.0046570023013679
2683 11.298 1.74563144764772 1 -0.00464464418326771
2684 11.298 1.74099912878826 1 -0.00463231885945747
2685 11.298 1.73637910254535 1 -0.00462002624291213
2686 11.298 1.73177133629851 1 -0.00460776624683734
2687 11.298 1.72717579751384 1 -0.00459553878466945
2688 11.298 1.72259245374377 1 -0.00458334377007441
2689 11.298 1.71802127262682 1 -0.00457118111694732
2690 11.298 1.71346222188741 1 -0.00455905073941154
2691 11.298 1.70891526933559 1 -0.00454695255181892
2692 11.298 1.70438038286684 1 -0.00453488646874778
2693 11.298 1.69985753046184 1 -0.00452285240500361
2694 11.298 1.69534668018622 1 -0.00451085027561815
2695 11.298 1.69084780019037 1 -0.00449887999584786
2696 11.298 1.6863608587092 1 -0.00448694148117501
2697 11.298 1.68188582406189 1 -0.00447503464730548
2698 11.298 1.67742266465172 1 -0.00446315941016917
2699 11.298 1.67297134896581 1 -0.00445131568591894
2700 11.298 1.66853184557487 1 -0.00443950339093013
2701 11.298 1.66410412313307 1 -0.00442772244180012
2702 11.298 1.65968815037773 1 -0.00441597275534766
2703 11.298 1.65528389612912 1 -0.00440425424861179
2704 11.298 1.65089132929026 1 -0.00439256683885247
2705 11.298 1.64651041884671 1 -0.00438091044354838
2706 11.298 1.64214113386632 1 -0.00436928498039757
2707 11.298 1.637783443499 1 -0.00435769036731681
2708 11.298 1.63343731697656 1 -0.00434612652244049
2709 11.298 1.62910272361244 1 -0.00433459336411968
2710 11.298 1.62477963280152 1 -0.00432309081092264
2711 11.298 1.62046801401988 1 -0.00431161878163411
2712 11.298 1.61616783682463 1 -0.00430017719525355
2713 11.298 1.61187907085363 1 -0.00428876597099559
2714 11.298 1.60760168582534 1 -0.00427738502828978
2715 11.298 1.60333565153857 1 -0.00426603428677885
2716 11.298 1.59908093787225 1 -0.00425471366631891
2717 11.298 1.59483751478527 1 -0.00424342308697878
2718 11.298 1.59060535231623 1 -0.00423216246903979
2719 11.298 1.58638442058323 1 -0.00422093173299398
2720 11.298 1.58217468978369 1 -0.00420973079954523
2721 11.298 1.57797613019408 1 -0.00419855958960724
2722 11.298 1.57378871216978 1 -0.004187418024304
2723 11.298 1.56961240614481 1 -0.00417630602496843
2724 11.298 1.56544718263167 1 -0.00416522351314241
2725 11.298 1.56129301222109 1 -0.00415417041057609
2726 11.298 1.55714986558186 1 -0.00414314663922721
2727 11.298 1.5530177134606 1 -0.0041321521212605
2728 11.298 1.54889652668156 1 -0.00412118677904738
2729 11.298 1.54478627614639 1 -0.00411025053516512
2730 11.298 1.54068693283399 1 -0.00409934331239681
2731 11.298 1.53659846780026 1 -0.00408846503372984
2732 11.298 1.53252085217791 1 -0.00407761562235631
2733 11.298 1.52845405717624 1 -0.00406679500167217
2734 11.298 1.52439805408096 1 -0.00405600309527698
2735 11.298 1.52035281425399 1 -0.00404523982697214
2736 11.298 1.51631830913322 1 -0.0040345051207622
2737 11.298 1.51229451023237 1 -0.00402379890085269
2738 11.298 1.50828138914072 1 -0.00401312109165053
2739 11.298 1.50427891752296 1 -0.00400247161776357
2740 11.298 1.50028706711896 1 -0.00399185040399908
2741 11.298 1.49630580974359 1 -0.00398125737536437
2742 11.298 1.49233511728653 1 -0.00397069245706549
2743 11.298 1.48837496171202 1 -0.00396015557450724
2744 11.298 1.48442531505873 1 -0.003949646653292
2745 11.298 1.48048614943951 1 -0.00393916561921981
2746 11.298 1.47655743704122 1 -0.00392871239828763
2747 11.298 1.47263915012453 1 -0.00391828691668872
2748 11.298 1.46873126102372 1 -0.00390788910081219
2749 11.298 1.46483374214648 1 -0.00389751887724255
2750 11.298 1.46094656597372 1 -0.00388717617275902
2751 11.298 1.45706970505938 1 -0.00387686091433515
2752 11.298 1.45320313203025 1 -0.00386657302913851
2753 11.298 1.44934681958572 1 -0.00385631244452989
2754 11.298 1.44550074049765 1 -0.00384607908806234
2755 11.298 1.44166486761017 1 -0.00383587288748166
2756 11.298 1.43783917383945 1 -0.00382569377072528
2757 11.298 1.43402363217352 1 -0.0038155416659218
2758 11.298 1.43021821567213 1 -0.00380541650139077
2759 11.298 1.42642289746649 1 -0.00379531820564161
2760 11.298 1.42263765075912 1 -0.00378524670737357
2761 11.298 1.41886244882364 1 -0.00377520193547509
2762 11.298 1.41509726500462 1 -0.00376518381902358
2763 11.298 1.41134207271734 1 -0.00375519228728427
2764 11.298 1.40759684544763 1 -0.00374522726971049
2765 11.298 1.40386155675168 1 -0.00373528869594231
2766 11.298 1.40013618025588 1 -0.00372537649580695
2767 11.298 1.39642068965656 1 -0.00371549059931753
2768 11.298 1.39271505871989 1 -0.00370563093667298
2769 11.298 1.38901926128163 1 -0.00369579743825788
2770 11.298 1.38533327124699 1 -0.00368599003464065
2771 11.298 1.38165706259041 1 -0.0036762086565747
2772 11.298 1.37799060935542 1 -0.00366645323499681
2773 11.298 1.37433388565439 1 -0.00365672370102765
2774 11.298 1.37068686566842 1 -0.00364701998596972
2775 11.298 1.36704952364711 1 -0.0036373420213085
2776 11.298 1.3634218339084 1 -0.00362768973871108
2777 11.298 1.35980377083837 1 -0.00361806307002599
2778 11.298 1.35619530889109 1 -0.00360846194728226
2779 11.298 1.3525964225884 1 -0.0035988863026899
2780 11.298 1.34900708651976 1 -0.00358933606863809
2781 11.298 1.34542727534207 1 -0.00357981117769635
2782 11.298 1.34185696377945 1 -0.00357031156261201
2783 11.298 1.33829612662314 1 -0.00356083715631161
2784 11.298 1.33474473873124 1 -0.00355138789189957
2785 11.298 1.33120277502858 1 -0.00354196370265791
2786 11.298 1.32767021050654 1 -0.00353256452204542
2787 11.298 1.32414702022284 1 -0.00352319028369763
2788 11.298 1.32063317930142 1 -0.00351384092142615
2789 11.298 1.3171286629322 1 -0.003504516369218
2790 11.298 1.31363344637096 1 -0.00349521656123608
2791 11.298 1.31014750493914 1 -0.00348594143181735
2792 11.298 1.30667081402367 1 -0.00347669091547309
2793 11.298 1.30320334907678 1 -0.00346746494688843
2794 11.298 1.29974508561586 1 -0.00345826346092215
2795 11.298 1.29629599922326 1 -0.00344908639260533
2796 11.298 1.29285606554611 1 -0.00343993367714179
2797 11.298 1.28942526029621 1 -0.00343080524990746
2798 11.298 1.28600355924976 1 -0.00342170104644923
2799 11.298 1.28259093824727 1 -0.00341262100248563
2800 11.298 1.27918737319337 1 -0.00340356505390549
2801 11.298 1.2757928400566 1 -0.00339453313676752
2802 11.298 1.2724073148693 1 -0.00338552518730051
2803 11.298 1.2690307737274 1 -0.00337654114190222
2804 11.298 1.26566319279026 1 -0.0033675809371394
2805 11.298 1.26230454828051 1 -0.00335864450974688
2806 11.298 1.25895481648388 1 -0.00334973179662779
2807 11.298 1.25561397374903 1 -0.00334084273485202
2808 11.298 1.25228199648737 1 -0.00333197726165735
2809 11.298 1.24895886117292 1 -0.00332313531444717
2810 11.298 1.24564454434213 1 -0.00331431683079164
2811 11.298 1.24233902259371 1 -0.00330552174842635
2812 11.298 1.23904227258845 1 -0.00329675000525209
2813 11.298 1.23575427104912 1 -0.00328800153933462
2814 11.298 1.23247499476022 1 -0.00327927628890379
2815 11.298 1.22920442056786 1 -0.00327057419235377
2816 11.298 1.22594252537962 1 -0.00326189518824149
2817 11.298 1.22268928616433 1 -0.00325323921528775
2818 11.298 1.21944467995196 1 -0.00324460621237543
2819 11.298 1.21620868383341 1 -0.00323599611854997
2820 11.298 1.21298127496039 1 -0.00322740887301798
2821 11.298 1.20976243054524 1 -0.00321884441514819
2822 11.298 1.20655212786077 1 -0.00321030268446965
2823 11.298 1.2033503442401 1 -0.00320178362067192
2824 11.298 1.2001570570765 1 -0.00319328716360467
2825 11.298 1.19697224382322 1 -0.00318481325327746
2826 11.298 1.19379588199336 1 -0.00317636182985881
2827 11.298 1.19062794915968 1 -0.003167932833676
2828 11.298 1.18746842295447 1 -0.00315952620521465
2829 11.298 1.18431728106935 1 -0.00315114188511822
2830 11.298 1.18117450125516 1 -0.00314277981418809
2831 11.298 1.17804006132178 1 -0.00313443993338214
2832 11.298 1.17491393913796 1 -0.00312612218381547
2833 11.298 1.17179611263121 1 -0.00311782650675907
2834 11.298 1.16868655978757 1 -0.00310955284364001
2835 11.298 1.16558525865152 1 -0.00310130113604079
2836 11.298 1.16249218732583 1 -0.00309307132569869
2837 11.298 1.15940732397132 1 -0.00308486335450597
2838 11.298 1.15633064680681 1 -0.00307667716450855
2839 11.298 1.1532621341089 1 -0.00306851269790642
2840 11.298 1.15020176421185 1 -0.00306036989705349
2841 11.298 1.1471495155074 1 -0.00305224870445575
2842 11.298 1.14410536644462 1 -0.00304414906277217
2843 11.298 1.14106929552981 1 -0.00303607091481406
2844 11.298 1.13804128132627 1 -0.00302801420354415
2845 11.298 1.13502130245419 1 -0.00301997887207683
2846 11.298 1.13200933759051 1 -0.00301196486367705
2847 11.298 1.12900536546875 1 -0.00300397212176073
2848 11.298 1.12600936487886 1 -0.00299600058989369
2849 11.298 1.12302131466707 1 -0.00298805021179183
2850 11.298 1.12004119373575 1 -0.00298012093131983
2851 11.298 1.11706898104325 1 -0.00297221269249182
2852 11.298 1.11410465560378 1 -0.00296432543947045
2853 11.298 1.11114819648722 1 -0.00295645911656628
2854 11.298 1.10819958281898 1 -0.00294861366823795
2855 11.298 1.10525879377989 1 -0.00294078903909112
2856 11.298 1.10232580860601 1 -0.00293298517387908
2857 11.298 1.09940060658851 1 -0.00292520201750102
2858 11.298 1.0964831670735 1 -0.0029174395150029
2859 11.298 1.09357346946193 1 -0.00290969761157589
2860 11.298 1.09067149320937 1 -0.00290197625255728
2861 11.298 1.08777721782594 1 -0.00289427538342912
2862 11.298 1.08489062287612 1 -0.00288659494981802
2863 11.298 1.08201168797863 1 -0.00287893489749491
2864 11.298 1.07914039280625 1 -0.00287129517237505
2865 11.298 1.07627671708574 1 -0.00286367572051649
2866 11.298 1.07342064059762 1 -0.00285607648812092
2867 11.298 1.07057214317608 1 -0.00284849742153304
2868 11.298 1.06773120470884 1 -0.00284093846723898
2869 11.298 1.06489780513698 1 -0.0028333995718679
2870 11.298 1.06207192445479 1 -0.00282588068218992
2871 11.298 1.05925354270967 1 -0.00281838174511684
2872 11.298 1.05644264000197 1 -0.00281090270770123
2873 11.298 1.05363919648483 1 -0.0028034435171358
2874 11.298 1.05084319236408 1 -0.00279600412075376
2875 11.298 1.04805460789805 1 -0.00278858446602825
2876 11.298 1.04527342339748 1 -0.00278118450057119
2877 11.298 1.04249961922535 1 -0.00277380417213413
2878 11.298 1.03973317579674 1 -0.00276644342860699
2879 11.298 1.03697407357872 1 -0.00275910221801801
2880 11.298 1.03422229309019 1 -0.00275178048853331
2881 11.298 1.03147781490173 1 -0.00274447818845669
2882 11.298 1.0287406196355 1 -0.00273719526622873
2883 11.298 1.02601068796507 1 -0.00272993167042745
2884 11.298 1.02328800061531 1 -0.00272268734976677
2885 11.298 1.02057253836221 1 -0.00271546225309716
2886 11.298 1.01786428203281 1 -0.00270825632940475
2887 11.298 1.015163212505 1 -0.00270106952781046
2888 11.298 1.01246931070742 1 -0.0026939017975709
2889 11.298 1.00978255761935 1 -0.0026867530880772
2890 11.298 1.00710293427049 1 -0.00267962334885441
2891 11.298 1.00443042174093 1 -0.00267251252956213
2892 11.298 1.00176500116094 1 -0.00266542057999319
2893 11.298 0.999106653710864 1 -0.00265834745007343
2894 11.298 0.996455360621002 1 -0.00265129308986212
2895 11.298 0.993811103171452 1 -0.00264425744955055
2896 11.298 0.991173862691989 1 -0.00263724047946257
2897 11.298 0.988543620561936 1 -0.00263024213005358
2898 11.298 0.985920358210025 1 -0.00262326235191057
2899 11.298 0.983304057114273 1 -0.00261630109575173
2900 11.298 0.980694698801847 1 -0.00260935831242581
2901 11.298 0.978092264848935 1 -0.00260243395291226
2902 11.298 0.975496736880615 1 -0.00259552796832041
2903 11.298 0.972908096570725 1 -0.00258864030988937
2904 11.298 0.970326325641738 1 -0.0025817709289877
2905 11.298 0.967751405864625 1 -0.00257491977711288
2906 11.298 0.965183319058733 1 -0.00256808680589138
2907 11.298 0.962622047091656 1 -0.00256127196707778
2908 11.298 0.960067571879101 1 -0.00255447521255481
2909 11.298 0.957519875384768 1 -0.00254769649433284
2910 11.298 0.954978939620219 1 -0.00254093576454939
2911 11.298 0.952444746644749 1 -0.00253419297546953
2912 11.298 0.949917278565265 1 -0.00252746807948434
2913 11.298 0.947396517536153 1 -0.00252076102911181
2914 11.298 0.944882445759157 1 -0.00251407177699559
2915 11.298 0.942375045483252 1 -0.00250740027590513
2916 11.298 0.939874299004517 1 -0.00250074647873511
2917 11.298 0.937380188666012 1 -0.00249411033850522
2918 11.298 0.934892696857652 1 -0.00248749180836005
2919 11.298 0.932411806016084 1 -0.00248089084156833
2920 11.298 0.929937498624561 1 -0.00247430739152266
2921 11.298 0.927469757212821 1 -0.00246774141173967
2922 11.298 0.925008564356962 1 -0.00246119285585911
2923 11.298 0.922553902679318 1 -0.00245466167764363
2924 11.298 0.920105754848339 1 -0.00244814783097902
2925 11.298 0.917664103578466 1 -0.00244165126987306
2926 11.298 0.915228931630011 1 -0.00243517194845566
2927 11.298 0.912800221809032 1 -0.00242870982097843
2928 11.298 0.910377956967218 1 -0.00242226484181463
2929 11.298 0.907962120001759 1 -0.00241583696545822
2930 11.298 0.905552693855235 1 -0.00240942614652417
2931 11.298 0.903149661515487 1 -0.00240303233974781
2932 11.298 0.900753006015503 1 -0.00239665549998458
2933 11.298 0.898362710433293 1 -0.00239029558220971
2934 11.298 0.895978757891775 1 -0.00238395254151802
2935 11.298 0.893601131558652 1 -0.00237762633312333
2936 11.298 0.891229814646293 1 -0.00237131691235837
2937 11.298 0.888864790411619 1 -0.00236502423467455
2938 11.298 0.886506042155978 1 -0.0023587482556412
2939 11.298 0.884153553225032 1 -0.00235248893094586
2940 11.298 0.881807307008639 1 -0.00234624621639334
2941 11.298 0.879467286940732 1 -0.00234002006790612
2942 11.298 0.877133476499209 1 -0.00233381044152325
2943 11.298 0.874805859205808 1 -0.0023276172934007
2944 11.298 0.872484418625998 1 -0.00232144057981065
2945 11.298 0.870169138368856 1 -0.00231528025714145
2946 11.298 0.867860002086959 1 -0.00230913628189711
2947 11.298 0.865556993476262 1 -0.0023030086106971
2948 11.298 0.863260096275986 1 -0.00229689720027582
2949 11.298 0.860969294268504 1 -0.00229080200748277
2950 11.298 0.858684571279222 1 -0.00228472298928173
2951 11.298 0.856405911176471 1 -0.0022786601027508
2952 11.298 0.854133297871389 1 -0.00227261330508199
2953 11.298 0.851866715317808 1 -0.00226658255358081
2954 11.298 0.849606147512142 1 -0.00226056780566619
2955 11.298 0.847351578493272 1 -0.00225456901886989
2956 11.298 0.845102992342436 1 -0.00224858615083656
2957 11.298 0.842860373183112 1 -0.00224261915932322
2958 11.298 0.840623705180914 1 -0.00223666800219879
2959 11.298 0.838392972543469 1 -0.00223073263744411
2960 11.298 0.836168159520318 1 -0.00222481302315169
2961 11.298 0.833949250402793 1 -0.00221890911752498
2962 11.298 0.831736229523914 1 -0.00221302087887854
2963 11.298 0.829529081258277 1 -0.00220714826563739
2964 11.298 0.82732779002194 1 -0.00220129123633706
2965 11.298 0.825132340272317 1 -0.00219544974962282
2966 11.298 0.822942716508067 1 -0.00218962376425014
2967 11.298 0.820758903268983 1 -0.00218381323908345
2968 11.298 0.818580885135887 1 -0.0021780181330967
2969 11.298 0.816408646730514 1 -0.00217223840537251
2970 11.298 0.814242172715412 1 -0.00216647401510217
2971 11.298 0.812081447793827 1 -0.00216072492158526
2972 11.298 0.809926456709598 1 -0.00215499108422923
2973 11.298 0.807777184247048 1 -0.00214927246254937
2974 11.298 0.80563361523088 1 -0.00214356901616852
2975 11.298 0.803495734526063 1 -0.00213788070481646
2976 11.298 0.801363527037733 1 -0.00213220748832998
2977 11.298 0.799236977711081 1 -0.00212654932665224
2978 11.298 0.797116071531248 1 -0.00212090617983296
2979 11.298 0.79500079352322 1 -0.0021152780080278
2980 11.298 0.792891128751722 1 -0.00210966477149788
2981 11.298 0.790787062321112 1 -0.00210406643061023
2982 11.298 0.788688579375275 1 -0.00209848294583681
2983 11.298 0.786595665097521 1 -0.00209291427775438
2984 11.298 0.784508304710477 1 -0.00208736038704438
2985 11.298 0.782426483475984 1 -0.00208182123449274
2986 11.298 0.780350186694994 1 -0.00207629678098942
2987 11.298 0.778279399707466 1 -0.00207078698752794
2988 11.298 0.776214107892261 1 -0.00206529181520554
2989 11.298 0.774154296667038 1 -0.00205981122522259
2990 11.298 0.772099951488156 1 -0.00205434517888248
2991 11.298 0.770051057850564 1 -0.00204889363759142
2992 11.298 0.768007601287707 1 -0.00204345656285765
2993 11.298 0.765969567371415 1 -0.00203803391629187
2994 11.298 0.763936941711808 1 -0.00203262565960671
2995 11.298 0.761909709957192 1 -0.00202723175461605
2996 11.298 0.759887857793957 1 -0.00202185216323558
2997 11.298 0.757871370946475 1 -0.00201648684748146
2998 11.298 0.755860235177004 1 -0.00201113576947132
2999 11.298 0.753854436285581 1 -0.00200579889142272
3000 11.298 0.751853960109927 1 -0.00200047617565391
