"t" "Tt" "Vt" "dt" "Vdt"
2006 0.632 7.208 1 NA
2007 0.627 7.20764181658073 1 -0.000358183419272073
2008 0.637 7.20727779178954 1 -0.000364024791187134
2009 0.662 7.20689914588757 1 -0.000378645901975894
2010 0.697 7.20649998799608 1 -0.000399157891487256
2011 0.736 7.20607791557071 1 -0.000422072425370068
2012 0.774 7.20563345703833 1 -0.000444458532374625
2013 0.806 7.20517010178406 1 -0.000463355254272102
2014 0.834 7.2046901779506 1 -0.000479923833458074
2015 0.858 7.20419602725968 1 -0.000494150690920847
2016 0.881 7.20368822065341 1 -0.000507806606273142
2017 0.908 7.20316435591072 1 -0.000523864742685731
2018 0.936 7.20262380716727 1 -0.000540548743456881
2019 0.965 7.20206594516393 1 -0.000557862003338627
2020 1.002 7.20148594448386 1 -0.000580000680064252
2021 1.048 7.20087834289375 1 -0.00060760159011064
2022 1.096 7.20024184918068 1 -0.000636493713076725
2023 1.141 7.19957818453661 1 -0.000663664644068085
2024 1.183 7.19888908652108 1 -0.000689098015526746
2025 1.22 7.19817752385176 1 -0.000711562669321708
2026 1.254 7.1974452692077 1 -0.00073225464406157
2027 1.288 7.19669227587064 1 -0.000752993337062691
2028 1.325 7.19591666087247 1 -0.0007756149981617
2029 1.364 7.19511714152759 1 -0.000799519344885979
2030 1.405 7.19429242569354 1 -0.000824715834046863
2031 1.454 7.19343750786995 1 -0.000854917823590817
2032 1.514 7.19254547586548 1 -0.000892032004468746
2033 1.572 7.19161742852375 1 -0.000928047341735905
2034 1.629 7.19065385434286 1 -0.00096357418088111
2035 1.683 7.18965650203656 1 -0.000997352306307597
2036 1.732 7.18862839722501 1 -0.00102810481155124
2037 1.777 7.18757196484178 1 -0.00105643238322273
2038 1.824 7.18648585850924 1 -0.00108610633254269
2039 1.87 7.18537062314305 1 -0.00111523536618741
2040 1.918 7.18422490109014 1 -0.00114572205290919
2041 1.964 7.18304987525466 1 -0.00117502583548124
2042 2.019 7.18183970003874 1 -0.0012101752159257
2043 2.08 7.18059039798076 1 -0.00124930205798002
2044 2.139 7.17930310886343 1 -0.00128728911732434
2045 2.196 7.17797898677593 1 -0.00132412208750132
2046 2.242 7.1766250440952 1 -0.00135394268073075
2047 2.279 7.17524705322986 1 -0.0013779908653353
2048 2.308 7.17385017511148 1 -0.0013968781183884
2049 2.339 7.1724330695861 1 -0.00141710552537688
2050 2.377 7.17099111619235 1 -0.00144195339375131
2051 2.422 7.16951966221869 1 -0.00147145397365911
2052 2.469 7.16801730915377 1 -0.00150235306491542
2053 2.526 7.1664773629366 1 -0.00153994621717501
2054 2.588 7.16489637683601 1 -0.00158098610058488
2055 2.654 7.16327153241005 1 -0.00162484442596256
2056 2.721 7.1616019850753 1 -0.00166954733475411
2057 2.784 7.15989023816794 1 -0.00171174690735487
2058 2.846 7.15813680491931 1 -0.00175343324863686
2059 2.92 7.15633341364343 1 -0.00180339127587992
2060 2.997 7.15447780406971 1 -0.001855609573715
2061 3.082 7.152564272672 1 -0.00191353139771344
2062 3.171 7.15058978079395 1 -0.00197449187804288
2063 3.259 7.14855469864274 1 -0.00203508215121051
2064 3.357 7.1464517726294 1 -0.00210292601334139
2065 3.448 7.14428550120629 1 -0.00216627142310877
2066 3.536 7.14205765438517 1 -0.00222784682112742
2067 3.62 7.13977073909903 1 -0.00228691528613378
2068 3.692 7.13743296673658 1 -0.00233777236245114
2069 3.756 7.13504981220356 1 -0.00238315453302196
2070 3.815 7.13262467434086 1 -0.00242513786270226
2071 3.869 7.13016098775551 1 -0.00246368658534823
2072 3.92 7.12766078583548 1 -0.00250020192002864
2073 3.968 7.12512612051863 1 -0.00253466531684499
2074 4.016 7.12255689869176 1 -0.00256922182687358
2075 4.073 7.11994652007117 1 -0.00261037862059066
2076 4.136 7.11729049959892 1 -0.002656020472247
2077 4.201 7.11458722020627 1 -0.00270327939265247
2078 4.266 7.11183651114524 1 -0.00275070906102659
2079 4.328 7.10904040236864 1 -0.00279610877660108
2080 4.387 7.10620094638012 1 -0.00283945598851965
2081 4.446 7.10331800249952 1 -0.00288294388059906
2082 4.506 7.10039068936695 1 -0.00292731313257732
2083 4.57 7.09741588867062 1 -0.0029748006963306
2084 4.635 7.09439268898283 1 -0.00302319968779052
2085 4.703 7.09131867375313 1 -0.00307401522969997
2086 4.779 7.08818764353859 1 -0.00313103021453642
2087 4.865 7.08499181484555 1 -0.00319582869303847
2088 4.95 7.08173164743798 1 -0.00326016740757407
2089 5.033 7.07840837340352 1 -0.00332327403446175
2090 5.111 7.07502554058844 1 -0.00338283281507135
2091 5.18 7.07158981620157 1 -0.00343572438687012
2092 5.244 7.0681048609647 1 -0.00348495523687031
2093 5.31 7.06456896303891 1 -0.00353589792579267
2094 5.375 7.0609827222217 1 -0.00358624081720738
2095 5.441 7.05734518929855 1 -0.00363753292315749
2096 5.505 7.0536577504546 1 -0.00368743884394451
2097 5.574 7.04991632135145 1 -0.00374142910314834
2098 5.652 7.04611362808952 1 -0.00380269326193439
2099 5.727 7.04225179510888 1 -0.00386183298064235
2100 5.8 7.03833218115377 1 -0.00391961395510254
2101 5.869 7.03435775431819 1 -0.00397442683558769
2102 5.933 7.03033231454918 1 -0.00402543976900471
2103 5.996 7.02625649724876 1 -0.00407581730042672
2104 6.063 7.02212692784173 1 -0.00412956940702447
2105 6.131 7.01794261855888 1 -0.00418430928284774
2106 6.199 7.01370338252717 1 -0.00423923603171428
2107 6.267 7.00940903287354 1 -0.00429434965362407
2108 6.338 7.00505693869319 1 -0.00435209418035676
2109 6.414 7.00064280771909 1 -0.00441413097409971
2110 6.485 6.99617051042025 1 -0.00447229729883336
2111 6.552 6.9916431369401 1 -0.00452737348015564
2112 6.611 6.98706711332128 1 -0.00457602361881992
2113 6.664 6.9824472670876 1 -0.00461984623367862
2114 6.715 6.97778514474546 1 -0.00466212234214414
2115 6.767 6.9730798091236 1 -0.00470533562185693
2116 6.823 6.9683278139125 1 -0.00475199521109904
2117 6.88 6.96352819575282 1 -0.00479961815967922
2118 6.941 6.95867746723428 1 -0.00485072851854262
2119 7.009 6.95376958597915 1 -0.00490788125513308
2120 7.084 6.9487984518989 1 -0.0049711340802423
2121 7.159 6.94376383766637 1 -0.00503461423252993
2122 7.23 6.93866891942537 1 -0.00509491824100827
2123 7.297 6.93351690775218 1 -0.00515201167318757
2124 7.358 6.92831275771632 1 -0.00520415003585928
2125 7.414 6.92306061055872 1 -0.00525214715759503
2126 7.471 6.91775947903555 1 -0.00530113152317657
2127 7.532 6.91240578019847 1 -0.00535369883707748
2128 7.601 6.906992438718 1 -0.00541334148046868
2129 7.671 6.90151839359525 1 -0.00547404512274596
2130 7.748 6.89597734574455 1 -0.00554104785070209
2131 7.832 6.89036293073123 1 -0.00561441501332371
2132 7.907 6.8846827683559 1 -0.00568016237532909
2133 7.97 6.87894720251804 1 -0.00573556583785706
2134 8.017 6.87317019946883 1 -0.00577700304920992
2135 8.047 6.86736670045793 1 -0.00580349901090038
2136 8.068 6.8615446326323 1 -0.00582206782562977
2137 8.084 6.85570840517585 1 -0.00583622745645673
2138 8.106 6.84985269133407 1 -0.00585571384177896
2139 8.139 6.84396771123885 1 -0.00588498009521388
2140 8.18 6.83804630873327 1 -0.00592140250558071
2141 8.235 6.83207594020449 1 -0.00597036852878219
2142 8.303 6.82604486285503 1 -0.00603107734946384
2143 8.372 6.81995199289265 1 -0.00609286996237124
2144 8.44 6.81379803761538 1 -0.00615395527727358
2145 8.49 6.80759904744491 1 -0.00619899017047132
2146 8.524 6.80136937583627 1 -0.0062296716086383
2147 8.543 6.79512253836976 1 -0.00624683746651122
2148 8.554 6.78886575610674 1 -0.00625678226301662
2149 8.566 6.78259811939772 1 -0.0062676367090253
2150 8.585 6.77631328458067 1 -0.00628483481704656
2151 8.607 6.77000851793828 1 -0.00630476664239588
2152 8.643 6.76367109338975 1 -0.00633742454852815
2153 8.692 6.75728913364074 1 -0.00638195974900402
2154 8.749 6.75085524554828 1 -0.00643388809246748
2155 8.806 6.74436929780817 1 -0.00648594774010824
2156 8.859 6.73783482592303 1 -0.00653447188513923
2157 8.9 6.73126273861449 1 -0.00657208730853398
2158 8.931 6.72466216527437 1 -0.00660057334012976
2159 8.956 6.71803859103851 1 -0.00662357423586002
2160 8.974 6.71139844051761 1 -0.00664015052089528
2161 8.991 6.70474262259332 1 -0.0066558179242886
2162 9.005 6.69807389333176 1 -0.00666872926156614
2163 9.028 6.69138393539148 1 -0.00668995794027438
2164 9.06 6.68466440633415 1 -0.00671952905733342
2165 9.094 6.67791341262074 1 -0.00675099371340337
2166 9.126 6.6711327624365 1 -0.00678065018424068
2167 9.157 6.66432334308214 1 -0.00680941935436241
2168 9.188 6.65748511572007 1 -0.00683822736206974
2169 9.219 6.65061804151271 1 -0.00686707420736177
2170 9.249 6.6437230140249 1 -0.00689502748781212
2171 9.284 6.63679532840595 1 -0.00692768561894397
2172 9.317 6.6298368054906 1 -0.00695852291534838
2173 9.348 6.6228492741155 1 -0.00698753137510888
2174 9.383 6.61582894457571 1 -0.00702032953978282
2175 9.422 6.60877201019258 1 -0.00705693438313215
2176 9.455 6.60168405446896 1 -0.00708795572361964
2177 9.484 6.5945688012354 1 -0.00711525323355833
2178 9.506 6.58743281687393 1 -0.00713598436147134
2179 9.522 6.58028174304275 1 -0.00715107383117974
2180 9.536 6.5731174574387 1 -0.00716428560405458
2181 9.55 6.56593995214068 1 -0.00717750529801986
2182 9.571 6.55874260244967 1 -0.00719734969100916
2183 9.597 6.55152065881741 1 -0.00722194363225537
2184 9.627 6.54427030361312 1 -0.00725035520429618
2185 9.667 6.53698200973356 1 -0.00728829387955798
2186 9.711 6.52965190862666 1 -0.00733010110690202
2187 9.752 6.52228278036428 1 -0.0073691282623809
2188 9.79 6.51487741993095 1 -0.00740536043333062
2189 9.819 6.50744436936838 1 -0.0074330505625646
2190 9.836 6.49999507085933 1 -0.0074492985090524
2191 9.849 6.49253333956935 1 -0.00746173128998251
2192 9.859 6.48506203995415 1 -0.00747129961519999
2193 9.871 6.47757925301407 1 -0.00748278694007176
2194 9.885 6.47008305683969 1 -0.00749619617438491
2195 9.9 6.46257248483855 1 -0.00751057200113436
2196 9.926 6.45503697319721 1 -0.00753551164134603
2197 9.96 6.44746880695821 1 -0.00756816623900125
2198 9.995 6.43986697689264 1 -0.00760183006556758
2199 10.026 6.43223528895173 1 -0.00763168794090507
2200 10.053 6.42457756412063 1 -0.00765772483110982
2201 10.072 6.41690149937265 1 -0.00767606474797589
2202 10.085 6.40921287785445 1 -0.00768862151820127
2203 10.098 6.4015116927361 1 -0.0077011851183455
2204 10.112 6.39379696994864 1 -0.00771472278746277
2205 10.126 6.38606870157097 1 -0.0077282683776696
2206 10.139 6.37832784805264 1 -0.00774085351832632
2207 10.162 6.37056471178495 1 -0.00776313626769198
2208 10.191 6.36277344940481 1 -0.00779126238014261
2209 10.218 6.35495597009134 1 -0.00781747931347176
2210 10.24 6.34711710704919 1 -0.0078388630421431
2211 10.253 6.33926559897326 1 -0.00785150807593382
2212 10.261 6.33140630594332 1 -0.00785929302994237
2213 10.264 6.3235440928888 1 -0.00786221305452184
2214 10.268 6.31567798590238 1 -0.00786610698641965
2215 10.277 6.30780311520498 1 -0.00787487069739345
2216 10.291 6.29991460556169 1 -0.00788850964329413
2217 10.31 6.29200757325069 1 -0.00790703231100398
2218 10.339 6.28407224137154 1 -0.00793533187914264
2219 10.374 6.27610270957783 1 -0.00796953179371052
2220 10.404 6.26810382416826 1 -0.00799888540957561
2221 10.422 6.26008730913043 1 -0.00801651503782175
2222 10.431 6.25206197436822 1 -0.00802533476221168
2223 10.433 6.24403467922271 1 -0.00802729514551537
2224 10.43 6.23601032459153 1 -0.00802435463118023
2225 10.431 6.22798498982932 1 -0.00802533476221168
2226 10.439 6.21995181256396 1 -0.00803317726535813
2227 10.452 6.21190588571451 1 -0.0080459268494435
2228 10.471 6.20384131257179 1 -0.00806457314272446
2229 10.498 6.19575021696801 1 -0.00809109560378118
2230 10.529 6.18762863331775 1 -0.0081215836502615
2231 10.554 6.17948243424362 1 -0.00814619907412517
2232 10.571 6.17131948225357 1 -0.0081629519900499
2233 10.579 6.16314864249701 1 -0.00817083975656363
2234 10.579 6.15497780274044 1 -0.00817083975656363
2235 10.579 6.14680696298388 1 -0.00817083975656363
2236 10.585 6.13863020570506 1 -0.00817675727882428
2237 10.598 6.1304406221369 1 -0.0081895835681518
2238 10.617 6.12223228016781 1 -0.00820834196909281
2239 10.643 6.11399824516593 1 -0.00823403500188125
2240 10.673 6.10573453040946 1 -0.00826371475647036
2241 10.703 6.09744109952605 1 -0.00829343088340728
2242 10.724 6.08912684571224 1 -0.00831425381381123
2243 10.733 6.08080366232955 1 -0.00832318338269289
2244 10.736 6.07247750169645 1 -0.00832616063310088
2245 10.735 6.06415233352056 1 -0.00832516817588491
2246 10.738 6.05582418785179 1 -0.00832814566877449
2247 10.744 6.04749008610606 1 -0.00833410174572524
2248 10.755 6.03914506110725 1 -0.00834502499881751
2249 10.773 6.0307821511463 1 -0.00836290996094924
2250 10.79 6.02240233780914 1 -0.00837981333715554
2251 10.8 6.01401257585366 1 -0.00838976195548291
2252 10.807 6.00561584746073 1 -0.0083967283929276
2253 10.811 5.9972151373573 1 -0.00840071010342669
2254 10.813 5.98881243615615 1 -0.00840270120115871
2255 10.816 5.98040674800529 1 -0.00840568815085874
2256 10.82 5.97199707668903 1 -0.00840967131625181
2257 10.826 5.96358142941228 1 -0.00841564727675337
2258 10.832 5.95515980472013 1 -0.00842162469214802
2259 10.837 5.94673319773711 1 -0.00842660698302122
2260 10.841 5.93830260419395 1 -0.00843059354316633
2261 10.842 5.92987101390971 1 -0.00843159028423734
2262 10.844 5.92143743002209 1 -0.00843358388762017
2263 10.846 5.91300185236943 1 -0.00843557765265679
2264 10.849 5.90456328376612 1 -0.00843856860331638
2265 10.854 5.89611972943676 1 -0.00844355432935551
2266 10.861 5.88766919339357 1 -0.00845053604318657
2267 10.866 5.87921366919952 1 -0.0084555241940496
2268 10.871 5.87075315584427 1 -0.00846051335525555
2269 10.875 5.8622886504326 1 -0.00846450541166632
2270 10.878 5.85382115055428 1 -0.00846749987831963
2271 10.879 5.84535265243958 1 -0.00846849811469763
2272 10.878 5.83688515256126 1 -0.00846749987831963
2273 10.878 5.82841765268294 1 -0.00846749987831963
2274 10.881 5.81994715797425 1 -0.00847049470869532
2275 10.888 5.81146967391353 1 -0.00847748406071958
2276 10.897 5.80298320063328 1 -0.00848647328025365
2277 10.906 5.79448773485998 1 -0.00849546577329896
2278 10.914 5.78598427301139 1 -0.00850346184858264
2279 10.922 5.77747281250105 1 -0.0085114605103449
2280 10.928 5.76895535129701 1 -0.00851746120404329
2281 10.935 5.76043088744482 1 -0.00852446385218197
2282 10.939 5.75190242119032 1 -0.00852846625450532
2283 10.943 5.74336995188687 1 -0.0085324693034492
2284 10.948 5.73483247786293 1 -0.00853747402393701
2285 10.951 5.72629200052174 1 -0.00854047734119412
2286 10.957 5.71774551545486 1 -0.00854648506687994
2287 10.963 5.7091930212074 1 -0.00855249424745885
2288 10.965 5.70063852357644 1 -0.0085544976309615
2289 10.965 5.69208402594548 1 -0.0085544976309615
2290 10.963 5.68353153169802 1 -0.00855249424745885
2291 10.963 5.67497903745056 1 -0.00855249424745885
2292 10.965 5.6664245398196 1 -0.0085544976309615
2293 10.969 5.65786603493667 1 -0.00855850488293264
2294 10.974 5.64930252007946 1 -0.00856351485720364
2295 10.983 5.6407299847225 1 -0.00857253535695701
2296 10.993 5.63214742274874 1 -0.00858256197376406
2297 11 5.6235578397386 1 -0.00858958301014567
2298 11.004 5.61496424381856 1 -0.00859359592003717
2299 11.006 5.60636864120109 1 -0.00859560261746495
2300 11.006 5.59777303858363 1 -0.00859560261746495
2301 11.005 5.58917843933508 1 -0.00859459924854455
2302 11.004 5.58058484341505 1 -0.00859359592003717
2303 11.005 5.5719902441665 1 -0.00859459924854455
2304 11.007 5.5633936381397 1 -0.00859660602679924
2305 11.01 5.55479402164242 1 -0.00859961649728547
2306 11.013 5.54619139431092 1 -0.00860262733149497
2307 11.015 5.53758675955455 1 -0.00860463475637019
2308 11.017 5.52898011721165 1 -0.00860664234289921
2309 11.019 5.52037146712057 1 -0.00860865009108469
2310 11.021 5.51176080911964 1 -0.00861065800092398
2311 11.023 5.50314814304723 1 -0.00861266607241795
2312 11.027 5.49453146034685 1 -0.00861668270037175
2313 11.032 5.48590975595223 1 -0.0086217043946224
2314 11.036 5.47728403347476 1 -0.00862572247747018
2315 11.039 5.46865529701081 1 -0.00862873646394924
2316 11.041 5.46002455102047 1 -0.00863074599033808
2317 11.042 5.45139280020632 1 -0.00863175081415246
2318 11.041 5.44276205421598 1 -0.00863074599033808
2319 11.041 5.43413130822565 1 -0.00863074599033808
2320 11.042 5.42549955741149 1 -0.00863175081415246
2321 11.044 5.41686579682847 1 -0.0086337605830229
2322 11.046 5.40823002631492 1 -0.00863577051354891
2323 11.049 5.39959124060248 1 -0.00863878571244037
2324 11.052 5.39094943932743 1 -0.00864180127505509
2325 11.053 5.38230663278401 1 -0.00864280654342053
2326 11.054 5.37366282093181 1 -0.00864381185219987
2327 11.054 5.36501900907961 1 -0.00864381185219987
2328 11.054 5.35637519722741 1 -0.00864381185219987
2329 11.056 5.34772937463641 1 -0.00864582259100022
2330 11.058 5.33908154114495 1 -0.00864783349145437
2331 11.063 5.33042867969512 1 -0.00865286144983202
2332 11.068 5.32177078927657 1 -0.00865789041855258
2333 11.073 5.31310786887895 1 -0.00866292039761518
2334 11.076 5.30444193000893 1 -0.00866593887001788
2335 11.078 5.29577397862191 1 -0.00866795138702159
2336 11.079 5.28710502091577 1 -0.00866895770614473
2337 11.079 5.27843606320962 1 -0.00866895770614473
2338 11.078 5.2697681118226 1 -0.00866795138702159
2339 11.078 5.26110016043558 1 -0.00866795138702159
2340 11.077 5.25243321532727 1 -0.00866694510831323
2341 11.079 5.24376425762112 1 -0.00866895770614473
2342 11.082 5.23509228071513 1 -0.00867197690599397
2343 11.084 5.22641829080716 1 -0.00867398990796264
2344 11.089 5.21773926768704 1 -0.00867902312012347
2345 11.092 5.20905722415466 1 -0.00868204353238422
2346 11.096 5.20037115284013 1 -0.00868607131452492
2347 11.098 5.19168306739205 1 -0.00868808544807731
2348 11.1 5.18299296764877 1 -0.00869009974328439
2349 11.103 5.17429984615957 1 -0.00869312148919832
2350 11.105 5.16560470997103 1 -0.00869513618854345
2351 11.109 5.15690554389883 1 -0.0086991660721969
2352 11.109 5.14820637782663 1 -0.0086991660721969
2353 11.11 5.13950620418249 1 -0.00870017364414455
2354 11.11 5.13080603053835 1 -0.00870017364414455
2355 11.109 5.12210686446615 1 -0.0086991660721969
2356 11.109 5.11340769839395 1 -0.0086991660721969
2357 11.111 5.10470651713745 1 -0.0087011812565061
2358 11.113 5.09600332053498 1 -0.00870319660246999
2359 11.116 5.08729710061046 1 -0.00870621992451959
2360 11.121 5.07858584100758 1 -0.008711259602876
2361 11.127 5.06986853245702 1 -0.00871730855055564
2362 11.131 5.06114719046641 1 -0.00872134199061669
2363 11.136 5.05242080576641 1 -0.00872638470000187
2364 11.138 5.04369240369975 1 -0.00872840206665249
2365 11.139 5.03496299288916 1 -0.00872941081059775
2366 11.14 5.0262325732942 1 -0.00873041959495779
2367 11.139 5.0175031624836 1 -0.00872941081059775
2368 11.139 5.008773751673 1 -0.00872941081059775
2369 11.141 5.00004232325327 1 -0.00873142841973085
2370 11.143 4.99130887706275 1 -0.00873344619051775
2371 11.144 4.98257442192622 1 -0.00873445513653248
2372 11.145 4.97383895780326 1 -0.00873546412296022
2373 11.149 4.96509945733045 1 -0.00873950047280925
2374 11.152 4.95635692917091 1 -0.00874252815953991
2375 11.154 4.94761238235148 1 -0.00874454681942893
2376 11.157 4.93886480723912 1 -0.00874757511236623
2377 11.159 4.93011521306272 1 -0.00874959417639243
2378 11.161 4.92136359966065 1 -0.00875161340207331
2379 11.163 4.91260996687124 1 -0.00875363278940977
2380 11.166 4.90385330469772 1 -0.00875666217351689
2381 11.168 4.89509462273273 1 -0.00875868196499052
2382 11.171 4.88633291077743 1 -0.0087617119553034
2383 11.171 4.87757119882213 1 -0.0087617119553034
2384 11.174 4.86880645651279 1 -0.00876474230933955
2385 11.176 4.86003969376535 1 -0.00876676274743282
2386 11.177 4.85127192073826 1 -0.00876777302709986
2387 11.179 4.84250212703058 1 -0.00876979370767472
2388 11.181 4.83373031248068 1 -0.00877181454990517
2389 11.185 4.82495445576135 1 -0.00877585671933012
2390 11.187 4.81617657771482 1 -0.00877787804652463
2391 11.189 4.80739667817945 1 -0.00877989953537384
2392 11.191 4.79861475699357 1 -0.00878192118587862
2393 11.192 4.78983182492182 1 -0.0087829320717514
2394 11.195 4.78104585994996 1 -0.00878596497185224
2395 11.197 4.77225787284264 1 -0.00878798710732109
2396 11.198 4.76346887460697 1 -0.00878899823567636
2397 11.2 4.75467785399334 1 -0.00879102061362769
2398 11.202 4.7458848108401 1 -0.00879304315323459
2399 11.203 4.73709075635645 1 -0.00879405448365844
2400 11.205 4.7282946790907 1 -0.00879607726574694
2401 11.206 4.71949759037329 1 -0.00879708871741158
2402 11.208 4.71069847863131 1 -0.00879911174198256
2403 11.209 4.70189835531642 1 -0.00880012331488889
2404 11.21 4.69309722038821 1 -0.00880113492820911
2405 11.211 4.68429507380626 1 -0.00880214658194234
2406 11.211 4.67549292722432 1 -0.00880214658194234
2407 11.214 4.6666877454387 1 -0.00880518178562539
2408 11.216 4.65788053998188 1 -0.00880720545681601
2409 11.219 4.64907029871518 1 -0.00881024126670393
2410 11.221 4.64025803337315 1 -0.00881226534203172
2411 11.227 4.6314396948352 1 -0.008818338537945
2412 11.229 4.62261933157531 1 -0.00882036325989155
2413 11.232 4.61379593092939 1 -0.00882340064591602
2414 11.233 4.60497151774064 1 -0.00882441318875138
2415 11.234 4.59614609196864 1 -0.00882542577199974
2416 11.236 4.5873186409089 1 -0.00882745105973992
2417 11.234 4.5784932151369 1 -0.00882542577199974
2418 11.234 4.5696677893649 1 -0.00882542577199974
2419 11.235 4.56084135096924 1 -0.00882643839566288
2420 11.236 4.5520138999095 1 -0.00882745105973992
2421 11.236 4.54318644884976 1 -0.00882745105973992
2422 11.239 4.53435595955531 1 -0.00883048929445174
2423 11.241 4.52552344456898 1 -0.0088325149863282
2424 11.242 4.51668991667609 1 -0.00883352789288683
2425 11.245 4.50785334982105 1 -0.00883656685504608
2426 11.247 4.49901475678916 1 -0.00883859303188661
2427 11.251 4.49017211091863 1 -0.0088426458705344
2428 11.255 4.48132541156282 1 -0.00884669935580096
2429 11.257 4.47247668522191 1 -0.00884872634091582
2430 11.256 4.46362897239376 1 -0.00884771282815144
2431 11.256 4.45478125956561 1 -0.00884771282815144
2432 11.254 4.44593557364174 1 -0.00884568592386348
2433 11.252 4.43709191446051 1 -0.0088436591812302
2434 11.251 4.42824926858998 1 -0.0088426458705344
2435 11.25 4.41940763598973 1 -0.00884163260025161
2436 11.25 4.41056600338947 1 -0.00884163260025161
2437 11.252 4.40172234420824 1 -0.0088436591812302
2438 11.256 4.39287463138009 1 -0.00884771282815144
2439 11.261 4.38402185058398 1 -0.00885278079611229
2440 11.267 4.37516298689266 1 -0.00885886369131761
2441 11.27 4.36630108120816 1 -0.00886190568450562
2442 11.272 4.35743714732612 1 -0.00886393388203288
2443 11.272 4.34857321344409 1 -0.00886393388203288
2444 11.27 4.33971130775959 1 -0.00886190568450562
2445 11.27 4.33084940207508 1 -0.00886190568450562
2446 11.267 4.32199053838376 1 -0.00885886369131761
2447 11.264 4.31313471632191 1 -0.00885582206185287
2448 11.262 4.30428092181096 1 -0.00885379451094526
2449 11.261 4.29542814101485 1 -0.00885278079611229
2450 11.262 4.28657434650391 1 -0.00885379451094526
2451 11.264 4.27771852444205 1 -0.00885582206185287
2452 11.268 4.26885864679342 1 -0.00885987764863305
2453 11.27 4.25999674110892 1 -0.00886190568450562
2454 11.276 4.25112875034686 1 -0.00886799076205147
2455 11.279 4.24225771650045 1 -0.00887103384641019
2456 11.284 4.23338161003851 1 -0.00887610646194847
2457 11.29 4.22449941510426 1 -0.00888219493424725
2458 11.291 4.21561620528318 1 -0.00888320982107871
2459 11.292 4.20673198053486 1 -0.00888422474832318
2460 11.288 4.19785181525303 1 -0.008880165281826
2461 11.285 4.18897469414673 1 -0.00887712110629746
2462 11.282 4.18010061685224 1 -0.00887407729449219
2463 11.28 4.17122856856355 1 -0.00887204828869059
2464 11.276 4.1623605778015 1 -0.00886799076205147
2465 11.275 4.15349360132007 1 -0.00886697648142665
2466 11.278 4.14462358187553 1 -0.00887001944454369
2467 11.281 4.13575051910414 1 -0.008873062771384
2468 11.286 4.12687238331308 1 -0.00887813579106034
2469 11.29 4.11799018837884 1 -0.00888219493424725
2470 11.295 4.1091029186063 1 -0.00888726977253995
2471 11.298 4.10021260344582 1 -0.00889031516048089
2472 11.299 4.09132127307519 1 -0.00889133037062173
2473 11.3 4.08242892745402 1 -0.00889234562117647
2474 11.296 4.07354064259258 1 -0.00888828486144
2475 11.294 4.06465438786852 1 -0.00888625472405469
2476 11.289 4.05577320778069 1 -0.00888118008782968
2477 11.285 4.0468960866744 1 -0.00887712110629746
2478 11.281 4.03802302390301 1 -0.008873062771384
2479 11.278 4.02915300445847 1 -0.00887001944454369
2480 11.274 4.02028704221725 1 -0.00886596224121483
2481 11.273 4.01142209417584 1 -0.00886494804141691
2482 11.275 4.00255511769441 1 -0.00886697648142665
2483 11.279 3.993684083848 1 -0.00887103384641019
2484 11.284 3.98480797738605 1 -0.00887610646194847
2485 11.293 3.97592273767007 1 -0.00888523971598199
2486 11.299 3.96703140729945 1 -0.00889133037062173
2487 11.307 3.9581319537928 1 -0.0088994535066429
2488 11.308 3.9492314847123 1 -0.00890046908050746
2489 11.309 3.94033000001751 1 -0.00890148469478547
2490 11.305 3.93143257753736 1 -0.00889742248015546
2491 11.3 3.92254023191618 1 -0.00889234562117647
2492 11.294 3.91365397719213 1 -0.00888625472405424
2493 11.286 3.90477584140107 1 -0.00887813579105989
2494 11.277 3.89590683631797 1 -0.00886900508309063
2495 11.27 3.88704493063347 1 -0.00886190568450562
2496 11.268 3.87818505298484 1 -0.00885987764863305
2497 11.27 3.86932314730033 1 -0.00886190568450562
2498 11.275 3.8604561708189 1 -0.0088669764814262
2499 11.286 3.85157803502784 1 -0.00887813579105989
2500 11.298 3.84268771986736 1 -0.00889031516048089
2501 11.298 3.83379740470688 1 -0.00889031516048089
2502 11.298 3.8249070895464 1 -0.00889031516048089
2503 11.298 3.81601677438592 1 -0.00889031516048089
2504 11.298 3.80712645922544 1 -0.00889031516048089
2505 11.298 3.79823614406496 1 -0.00889031516048089
2506 11.298 3.78934582890448 1 -0.00889031516048089
2507 11.298 3.780455513744 1 -0.00889031516048089
2508 11.298 3.77156519858352 1 -0.00889031516048089
2509 11.298 3.76267488342304 1 -0.00889031516048089
2510 11.298 3.75378456826255 1 -0.00889031516048089
2511 11.298 3.74489425310207 1 -0.00889031516048089
2512 11.298 3.73600393794159 1 -0.00889031516048089
2513 11.298 3.72711362278111 1 -0.00889031516048089
2514 11.298 3.71822330762063 1 -0.00889031516048089
2515 11.298 3.70933299246015 1 -0.00889031516048089
2516 11.298 3.70044267729967 1 -0.00889031516048089
2517 11.298 3.69155236213919 1 -0.00889031516048089
2518 11.298 3.68266204697871 1 -0.00889031516048089
2519 11.298 3.67377173181823 1 -0.00889031516048089
2520 11.298 3.66488141665775 1 -0.00889031516048089
2521 11.298 3.65599110149727 1 -0.00889031516048089
2522 11.298 3.64710078633678 1 -0.00889031516048089
2523 11.298 3.6382104711763 1 -0.00889031516048089
2524 11.298 3.62932015601582 1 -0.00889031516048089
2525 11.298 3.62042984085534 1 -0.00889031516048089
2526 11.298 3.61153952569486 1 -0.00889031516048089
2527 11.298 3.60264921053438 1 -0.00889031516048089
2528 11.298 3.5937588953739 1 -0.00889031516048089
2529 11.298 3.58486858021342 1 -0.00889031516048089
2530 11.298 3.57597826505294 1 -0.00889031516048089
2531 11.298 3.56708794989246 1 -0.00889031516048089
2532 11.298 3.55819763473198 1 -0.00889031516048089
2533 11.298 3.54930731957149 1 -0.00889031516048089
2534 11.298 3.54041700441101 1 -0.00889031516048089
2535 11.298 3.53152668925053 1 -0.00889031516048089
2536 11.298 3.52263637409005 1 -0.00889031516048089
2537 11.298 3.51374605892957 1 -0.00889031516048089
2538 11.298 3.50485574376909 1 -0.00889031516048089
2539 11.298 3.49596542860861 1 -0.00889031516048089
2540 11.298 3.48707511344813 1 -0.00889031516048089
2541 11.298 3.47818479828765 1 -0.00889031516048089
2542 11.298 3.46929448312717 1 -0.00889031516048089
2543 11.298 3.46040416796669 1 -0.00889031516048089
2544 11.298 3.4515138528062 1 -0.00889031516048089
2545 11.298 3.44262353764572 1 -0.00889031516048089
2546 11.298 3.43373322248524 1 -0.00889031516048089
2547 11.298 3.42484290732476 1 -0.00889031516048089
2548 11.298 3.41595259216428 1 -0.00889031516048089
2549 11.298 3.4070622770038 1 -0.00889031516048089
2550 11.298 3.39817196184332 1 -0.00889031516048089
2551 11.298 3.38928164668284 1 -0.00889031516048089
2552 11.298 3.38039133152236 1 -0.00889031516048089
2553 11.298 3.37150101636188 1 -0.00889031516048089
2554 11.298 3.3626107012014 1 -0.00889031516048089
2555 11.298 3.35372038604091 1 -0.00889031516048089
2556 11.298 3.34483007088043 1 -0.00889031516048089
2557 11.298 3.33593975571995 1 -0.00889031516048089
2558 11.298 3.32704944055947 1 -0.00889031516048089
2559 11.298 3.31815912539899 1 -0.00889031516048089
2560 11.298 3.30926881023851 1 -0.00889031516048089
2561 11.298 3.30037849507803 1 -0.00889031516048089
2562 11.298 3.29148817991755 1 -0.00889031516048089
2563 11.298 3.28259786475707 1 -0.00889031516048089
2564 11.298 3.27370754959659 1 -0.00889031516048089
2565 11.298 3.26481723443611 1 -0.00889031516048089
2566 11.298 3.25592691927563 1 -0.00889031516048089
2567 11.298 3.24703660411514 1 -0.00889031516048089
2568 11.298 3.23814628895466 1 -0.00889031516048089
2569 11.298 3.22925597379418 1 -0.00889031516048089
2570 11.298 3.2203656586337 1 -0.00889031516048089
2571 11.298 3.21147534347322 1 -0.00889031516048089
2572 11.298 3.20258502831274 1 -0.00889031516048089
2573 11.298 3.19369471315226 1 -0.00889031516048089
2574 11.298 3.18480439799178 1 -0.00889031516048089
2575 11.298 3.1759140828313 1 -0.00889031516048089
2576 11.298 3.16702376767082 1 -0.00889031516048089
2577 11.298 3.15813345251034 1 -0.00889031516048089
2578 11.298 3.14924313734985 1 -0.00889031516048089
2579 11.298 3.14035282218937 1 -0.00889031516048089
2580 11.298 3.13146250702889 1 -0.00889031516048089
2581 11.298 3.12257219186841 1 -0.00889031516048089
2582 11.298 3.11368187670793 1 -0.00889031516048089
2583 11.298 3.10479156154745 1 -0.00889031516048089
2584 11.298 3.09590124638697 1 -0.00889031516048089
2585 11.298 3.08701093122649 1 -0.00889031516048089
2586 11.298 3.07812061606601 1 -0.00889031516048089
2587 11.298 3.06923030090553 1 -0.00889031516048089
2588 11.298 3.06033998574505 1 -0.00889031516048089
2589 11.298 3.05144967058456 1 -0.00889031516048089
2590 11.298 3.04255935542408 1 -0.00889031516048089
2591 11.298 3.0336690402636 1 -0.00889031516048089
2592 11.298 3.02477872510312 1 -0.00889031516048089
2593 11.298 3.01588840994264 1 -0.00889031516048089
2594 11.298 3.00699809478216 1 -0.00889031516048089
2595 11.298 2.99810777962168 1 -0.00889031516048089
2596 11.298 2.9892174644612 1 -0.00889031516048089
2597 11.298 2.98032714930072 1 -0.00889031516048089
2598 11.298 2.97143683414024 1 -0.00889031516048089
2599 11.298 2.96254651897976 1 -0.00889031516048089
2600 11.298 2.95365620381927 1 -0.00889031516048089
2601 11.298 2.94476588865879 1 -0.00889031516048089
2602 11.298 2.93587557349831 1 -0.00889031516048089
2603 11.298 2.92698525833783 1 -0.00889031516048089
2604 11.298 2.91809494317735 1 -0.00889031516048089
2605 11.298 2.90920462801687 1 -0.00889031516048089
2606 11.298 2.90031431285639 1 -0.00889031516048089
2607 11.298 2.89142399769591 1 -0.00889031516048089
2608 11.298 2.88253368253543 1 -0.00889031516048089
2609 11.298 2.87364336737495 1 -0.00889031516048089
2610 11.298 2.86475305221447 1 -0.00889031516048089
2611 11.298 2.85586273705399 1 -0.00889031516048089
2612 11.298 2.8469724218935 1 -0.00889031516048089
2613 11.298 2.83808210673302 1 -0.00889031516048089
2614 11.298 2.82919179157254 1 -0.00889031516048089
2615 11.298 2.82030147641206 1 -0.00889031516048089
2616 11.298 2.81141116125158 1 -0.00889031516048089
2617 11.298 2.8025208460911 1 -0.00889031516048089
2618 11.298 2.79363053093062 1 -0.00889031516048089
2619 11.298 2.78474021577014 1 -0.00889031516048089
2620 11.298 2.77584990060966 1 -0.00889031516048089
2621 11.298 2.76695958544918 1 -0.00889031516048089
2622 11.298 2.7580692702887 1 -0.00889031516048089
2623 11.298 2.74917895512821 1 -0.00889031516048089
2624 11.298 2.74028863996773 1 -0.00889031516048089
2625 11.298 2.73139832480725 1 -0.00889031516048089
2626 11.298 2.72250800964677 1 -0.00889031516048089
2627 11.298 2.71361769448629 1 -0.00889031516048089
2628 11.298 2.70472737932581 1 -0.00889031516048089
2629 11.298 2.69583706416533 1 -0.00889031516048089
2630 11.298 2.68694674900485 1 -0.00889031516048089
2631 11.298 2.67805643384437 1 -0.00889031516048089
2632 11.298 2.66916611868389 1 -0.00889031516048089
2633 11.298 2.66027580352341 1 -0.00889031516048089
2634 11.298 2.65138548836292 1 -0.00889031516048089
2635 11.298 2.64249517320244 1 -0.00889031516048089
2636 11.298 2.63360485804196 1 -0.00889031516048089
2637 11.298 2.62471454288148 1 -0.00889031516048089
2638 11.298 2.615824227721 1 -0.00889031516048089
2639 11.298 2.60693391256052 1 -0.00889031516048089
2640 11.298 2.59804359740004 1 -0.00889031516048089
2641 11.298 2.58915328223956 1 -0.00889031516048089
2642 11.298 2.58026296707908 1 -0.00889031516048089
2643 11.298 2.5713726519186 1 -0.00889031516048089
2644 11.298 2.56248233675812 1 -0.00889031516048089
2645 11.298 2.55359202159763 1 -0.00889031516048089
2646 11.298 2.54470170643715 1 -0.00889031516048089
2647 11.298 2.53581139127667 1 -0.00889031516048089
2648 11.298 2.52692107611619 1 -0.00889031516048089
2649 11.298 2.51803076095571 1 -0.00889031516048089
2650 11.298 2.50914044579523 1 -0.00889031516048089
2651 11.298 2.50025013063475 1 -0.00889031516048089
2652 11.298 2.49135981547427 1 -0.00889031516048089
2653 11.298 2.48246950031379 1 -0.00889031516048089
2654 11.298 2.47357918515331 1 -0.00889031516048089
2655 11.298 2.46468886999283 1 -0.00889031516048089
2656 11.298 2.45579855483235 1 -0.00889031516048089
2657 11.298 2.44690823967186 1 -0.00889031516048089
2658 11.298 2.43801792451138 1 -0.00889031516048089
2659 11.298 2.4291276093509 1 -0.00889031516048089
2660 11.298 2.42023729419042 1 -0.00889031516048089
2661 11.298 2.41134697902994 1 -0.00889031516048089
2662 11.298 2.40245666386946 1 -0.00889031516048089
2663 11.298 2.39356634870898 1 -0.00889031516048089
2664 11.298 2.3846760335485 1 -0.00889031516048089
2665 11.298 2.37578571838802 1 -0.00889031516048089
2666 11.298 2.36689540322754 1 -0.00889031516048089
2667 11.298 2.35800508806706 1 -0.00889031516048089
2668 11.298 2.34911477290657 1 -0.00889031516048089
2669 11.298 2.34022445774609 1 -0.00889031516048089
2670 11.298 2.33133414258561 1 -0.00889031516048089
2671 11.298 2.32244382742513 1 -0.00889031516048089
2672 11.298 2.31355351226465 1 -0.00889031516048089
2673 11.298 2.30466319710417 1 -0.00889031516048089
2674 11.298 2.29577288194369 1 -0.00889031516048089
2675 11.298 2.28688256678321 1 -0.00889031516048089
2676 11.298 2.27799225162273 1 -0.00889031516048089
2677 11.298 2.26910193646225 1 -0.00889031516048089
2678 11.298 2.26021162130177 1 -0.00889031516048089
2679 11.298 2.25132130614128 1 -0.00889031516048089
2680 11.298 2.2424309909808 1 -0.00889031516048089
2681 11.298 2.23354067582032 1 -0.00889031516048089
2682 11.298 2.22465036065984 1 -0.00889031516048089
2683 11.298 2.21576004549936 1 -0.00889031516048089
2684 11.298 2.20686973033888 1 -0.00889031516048089
2685 11.298 2.1979794151784 1 -0.00889031516048089
2686 11.298 2.18908910001792 1 -0.00889031516048089
2687 11.298 2.18019878485744 1 -0.00889031516048089
2688 11.298 2.17130846969696 1 -0.00889031516048089
2689 11.298 2.16241815453648 1 -0.00889031516048089
2690 11.298 2.15352783937599 1 -0.00889031516048089
2691 11.298 2.14463752421551 1 -0.00889031516048089
2692 11.298 2.13574720905503 1 -0.00889031516048089
2693 11.298 2.12685689389455 1 -0.00889031516048089
2694 11.298 2.11796657873407 1 -0.00889031516048089
2695 11.298 2.10907626357359 1 -0.00889031516048089
2696 11.298 2.10018594841311 1 -0.00889031516048089
2697 11.298 2.09129563325263 1 -0.00889031516048089
2698 11.298 2.08240531809215 1 -0.00889031516048089
2699 11.298 2.07351500293167 1 -0.00889031516048089
2700 11.298 2.06462468777119 1 -0.00889031516048089
2701 11.298 2.05573437261071 1 -0.00889031516048089
2702 11.298 2.04684405745022 1 -0.00889031516048089
2703 11.298 2.03795374228974 1 -0.00889031516048089
2704 11.298 2.02906342712926 1 -0.00889031516048089
2705 11.298 2.02017311196878 1 -0.00889031516048089
2706 11.298 2.0112827968083 1 -0.00889031516048089
2707 11.298 2.00239248164782 1 -0.00889031516048089
2708 11.298 1.99350216648734 1 -0.00889031516048089
2709 11.298 1.98461185132686 1 -0.00889031516048089
2710 11.298 1.97572153616638 1 -0.00889031516048089
2711 11.298 1.9668312210059 1 -0.00889031516048089
2712 11.298 1.95794090584542 1 -0.00889031516048089
2713 11.298 1.94905059068493 1 -0.00889031516048089
2714 11.298 1.94016027552445 1 -0.00889031516048089
2715 11.298 1.93126996036397 1 -0.00889031516048089
2716 11.298 1.92237964520349 1 -0.00889031516048089
2717 11.298 1.91348933004301 1 -0.00889031516048089
2718 11.298 1.90459901488253 1 -0.00889031516048089
2719 11.298 1.89570869972205 1 -0.00889031516048089
2720 11.298 1.88681838456157 1 -0.00889031516048089
2721 11.298 1.87792806940109 1 -0.00889031516048089
2722 11.298 1.86903775424061 1 -0.00889031516048089
2723 11.298 1.86014743908013 1 -0.00889031516048089
2724 11.298 1.85125712391964 1 -0.00889031516048089
2725 11.298 1.84236680875916 1 -0.00889031516048089
2726 11.298 1.83347649359868 1 -0.00889031516048089
2727 11.298 1.8245861784382 1 -0.00889031516048089
2728 11.298 1.81569586327772 1 -0.00889031516048089
2729 11.298 1.80680554811724 1 -0.00889031516048089
2730 11.298 1.79791523295676 1 -0.00889031516048089
2731 11.298 1.78902491779628 1 -0.00889031516048089
2732 11.298 1.7801346026358 1 -0.00889031516048089
2733 11.298 1.77124428747532 1 -0.00889031516048089
2734 11.298 1.76235397231484 1 -0.00889031516048089
2735 11.298 1.75346365715435 1 -0.00889031516048089
2736 11.298 1.74457334199387 1 -0.00889031516048089
2737 11.298 1.73568302683339 1 -0.00889031516048089
2738 11.298 1.72679271167291 1 -0.00889031516048089
2739 11.298 1.71790239651243 1 -0.00889031516048089
2740 11.298 1.70901208135195 1 -0.00889031516048089
2741 11.298 1.70012176619147 1 -0.00889031516048089
2742 11.298 1.69123145103099 1 -0.00889031516048089
2743 11.298 1.68234113587051 1 -0.00889031516048089
2744 11.298 1.67345082071003 1 -0.00889031516048089
2745 11.298 1.66456050554955 1 -0.00889031516048089
2746 11.298 1.65567019038907 1 -0.00889031516048089
2747 11.298 1.64677987522858 1 -0.00889031516048089
2748 11.298 1.6378895600681 1 -0.00889031516048089
2749 11.298 1.62899924490762 1 -0.00889031516048089
2750 11.298 1.62010892974714 1 -0.00889031516048089
2751 11.298 1.61121861458666 1 -0.00889031516048089
2752 11.298 1.60232829942618 1 -0.00889031516048089
2753 11.298 1.5934379842657 1 -0.00889031516048089
2754 11.298 1.58454766910522 1 -0.00889031516048089
2755 11.298 1.57565735394474 1 -0.00889031516048089
2756 11.298 1.56676703878426 1 -0.00889031516048089
2757 11.298 1.55787672362378 1 -0.00889031516048089
2758 11.298 1.54898640846329 1 -0.00889031516048089
2759 11.298 1.54009609330281 1 -0.00889031516048089
2760 11.298 1.53120577814233 1 -0.00889031516048089
2761 11.298 1.52231546298185 1 -0.00889031516048089
2762 11.298 1.51342514782137 1 -0.00889031516048089
2763 11.298 1.50453483266089 1 -0.00889031516048089
2764 11.298 1.49564451750041 1 -0.00889031516048089
2765 11.298 1.48675420233993 1 -0.00889031516048089
2766 11.298 1.47786388717945 1 -0.00889031516048089
2767 11.298 1.46897357201897 1 -0.00889031516048089
2768 11.298 1.46008325685849 1 -0.00889031516048089
2769 11.298 1.451192941698 1 -0.00889031516048089
2770 11.298 1.44230262653752 1 -0.00889031516048089
2771 11.298 1.43341231137704 1 -0.00889031516048089
2772 11.298 1.42452199621656 1 -0.00889031516048089
2773 11.298 1.41563168105608 1 -0.00889031516048089
2774 11.298 1.4067413658956 1 -0.00889031516048089
2775 11.298 1.39785105073512 1 -0.00889031516048089
2776 11.298 1.38896073557464 1 -0.00889031516048089
2777 11.298 1.38007042041416 1 -0.00889031516048089
2778 11.298 1.37118010525368 1 -0.00889031516048089
2779 11.298 1.3622897900932 1 -0.00889031516048089
2780 11.298 1.35339947493271 1 -0.00889031516048089
2781 11.298 1.34450915977223 1 -0.00889031516048089
2782 11.298 1.33561884461175 1 -0.00889031516048089
2783 11.298 1.32672852945127 1 -0.00889031516048089
2784 11.298 1.31783821429079 1 -0.00889031516048089
2785 11.298 1.30894789913031 1 -0.00889031516048089
2786 11.298 1.30005758396983 1 -0.00889031516048089
2787 11.298 1.29116726880935 1 -0.00889031516048089
2788 11.298 1.28227695364887 1 -0.00889031516048089
2789 11.298 1.27338663848839 1 -0.00889031516048089
2790 11.298 1.26449632332791 1 -0.00889031516048089
2791 11.298 1.25560600816743 1 -0.00889031516048089
2792 11.298 1.24671569300694 1 -0.00889031516048089
2793 11.298 1.23782537784646 1 -0.00889031516048089
2794 11.298 1.22893506268598 1 -0.00889031516048089
2795 11.298 1.2200447475255 1 -0.00889031516048089
2796 11.298 1.21115443236502 1 -0.00889031516048089
2797 11.298 1.20226411720454 1 -0.00889031516048089
2798 11.298 1.19337380204406 1 -0.00889031516048089
2799 11.298 1.18448348688358 1 -0.00889031516048089
2800 11.298 1.1755931717231 1 -0.00889031516048089
2801 11.298 1.16670285656262 1 -0.00889031516048089
2802 11.298 1.15781254140214 1 -0.00889031516048089
2803 11.298 1.14892222624165 1 -0.00889031516048089
2804 11.298 1.14003191108117 1 -0.00889031516048089
2805 11.298 1.13114159592069 1 -0.00889031516048089
2806 11.298 1.12225128076021 1 -0.00889031516048089
2807 11.298 1.11336096559973 1 -0.00889031516048089
2808 11.298 1.10447065043925 1 -0.00889031516048089
2809 11.298 1.09558033527877 1 -0.00889031516048089
2810 11.298 1.08669002011829 1 -0.00889031516048089
2811 11.298 1.07779970495781 1 -0.00889031516048089
2812 11.298 1.06890938979733 1 -0.00889031516048089
2813 11.298 1.06001907463685 1 -0.00889031516048089
2814 11.298 1.05112875947636 1 -0.00889031516048089
2815 11.298 1.04223844431588 1 -0.00889031516048089
2816 11.298 1.0333481291554 1 -0.00889031516048089
2817 11.298 1.02445781399492 1 -0.00889031516048089
2818 11.298 1.01556749883444 1 -0.00889031516048089
2819 11.298 1.00667718367396 1 -0.00889031516048089
2820 11.298 0.99778686851348 1 -0.00889031516048078
2821 11.298 0.988896553352999 1 -0.00889031516048078
2822 11.298 0.980006238192518 1 -0.00889031516048078
2823 11.298 0.971115923032037 1 -0.00889031516048078
2824 11.298 0.962225607871556 1 -0.00889031516048078
2825 11.298 0.953335292711076 1 -0.00889031516048078
2826 11.298 0.944444977550595 1 -0.00889031516048078
2827 11.298 0.935554662390114 1 -0.00889031516048078
2828 11.298 0.926664347229633 1 -0.00889031516048078
2829 11.298 0.917774032069153 1 -0.00889031516048078
2830 11.298 0.908883716908672 1 -0.00889031516048078
2831 11.298 0.899993401748191 1 -0.00889031516048078
2832 11.298 0.89110308658771 1 -0.00889031516048078
2833 11.298 0.882212771427229 1 -0.00889031516048078
2834 11.298 0.873322456266749 1 -0.00889031516048078
2835 11.298 0.864432141106268 1 -0.00889031516048078
2836 11.298 0.855541825945787 1 -0.00889031516048078
2837 11.298 0.846651510785306 1 -0.00889031516048078
2838 11.298 0.837761195624826 1 -0.00889031516048078
2839 11.298 0.828870880464345 1 -0.00889031516048078
2840 11.298 0.819980565303864 1 -0.00889031516048078
2841 11.298 0.811090250143383 1 -0.00889031516048078
2842 11.298 0.802199934982902 1 -0.00889031516048078
2843 11.298 0.793309619822422 1 -0.00889031516048078
2844 11.298 0.784419304661941 1 -0.00889031516048078
2845 11.298 0.77552898950146 1 -0.00889031516048078
2846 11.298 0.766638674340979 1 -0.00889031516048078
2847 11.298 0.757748359180499 1 -0.00889031516048078
2848 11.298 0.748858044020018 1 -0.00889031516048078
2849 11.298 0.739967728859537 1 -0.00889031516048078
2850 11.298 0.731077413699056 1 -0.00889031516048078
2851 11.298 0.722187098538575 1 -0.00889031516048078
2852 11.298 0.713296783378095 1 -0.00889031516048078
2853 11.298 0.704406468217614 1 -0.00889031516048078
2854 11.298 0.695516153057133 1 -0.00889031516048078
2855 11.298 0.686625837896652 1 -0.00889031516048078
2856 11.298 0.677735522736172 1 -0.00889031516048078
2857 11.298 0.668845207575691 1 -0.00889031516048078
2858 11.298 0.65995489241521 1 -0.00889031516048078
2859 11.298 0.651064577254729 1 -0.00889031516048078
2860 11.298 0.642174262094248 1 -0.00889031516048078
2861 11.298 0.633283946933768 1 -0.00889031516048078
2862 11.298 0.624393631773287 1 -0.00889031516048078
2863 11.298 0.615503316612806 1 -0.00889031516048078
2864 11.298 0.606613001452325 1 -0.00889031516048078
2865 11.298 0.597722686291845 1 -0.00889031516048078
2866 11.298 0.588832371131364 1 -0.00889031516048078
2867 11.298 0.579942055970883 1 -0.00889031516048078
2868 11.298 0.571051740810402 1 -0.00889031516048078
2869 11.298 0.562161425649921 1 -0.00889031516048078
2870 11.298 0.553271110489441 1 -0.00889031516048078
2871 11.298 0.54438079532896 1 -0.00889031516048078
2872 11.298 0.535490480168479 1 -0.00889031516048078
2873 11.298 0.526600165007998 1 -0.00889031516048078
2874 11.298 0.517709849847518 1 -0.00889031516048078
2875 11.298 0.508819534687037 1 -0.00889031516048078
2876 11.298 0.499929219526556 1 -0.00889031516048083
2877 11.298 0.491038904366075 1 -0.00889031516048083
2878 11.298 0.482148589205594 1 -0.00889031516048083
2879 11.298 0.473258274045113 1 -0.00889031516048083
2880 11.298 0.464367958884633 1 -0.00889031516048083
2881 11.298 0.455477643724152 1 -0.00889031516048083
2882 11.298 0.446587328563671 1 -0.00889031516048083
2883 11.298 0.43769701340319 1 -0.00889031516048083
2884 11.298 0.428806698242709 1 -0.00889031516048083
2885 11.298 0.419916383082228 1 -0.00889031516048083
2886 11.298 0.411026067921748 1 -0.00889031516048083
2887 11.298 0.402135752761267 1 -0.00889031516048083
2888 11.298 0.393245437600786 1 -0.00889031516048083
2889 11.298 0.384355122440305 1 -0.00889031516048083
2890 11.298 0.375464807279824 1 -0.00889031516048083
2891 11.298 0.366574492119343 1 -0.00889031516048083
2892 11.298 0.357684176958863 1 -0.00889031516048083
2893 11.298 0.348793861798382 1 -0.00889031516048083
2894 11.298 0.339903546637901 1 -0.00889031516048083
2895 11.298 0.33101323147742 1 -0.00889031516048083
2896 11.298 0.322122916316939 1 -0.00889031516048083
2897 11.298 0.313232601156458 1 -0.00889031516048083
2898 11.298 0.304342285995978 1 -0.00889031516048083
2899 11.298 0.295451970835497 1 -0.00889031516048083
2900 11.298 0.286561655675016 1 -0.00889031516048083
2901 11.298 0.277671340514535 1 -0.00889031516048083
2902 11.298 0.268781025354054 1 -0.00889031516048083
2903 11.298 0.259890710193573 1 -0.00889031516048083
2904 11.298 0.251000395033093 1 -0.00889031516048083
2905 11.298 0.242110079872612 1 -0.00889031516048083
2906 11.298 0.233219764712131 1 -0.00889031516048083
2907 11.298 0.22432944955165 1 -0.00889031516048083
2908 11.298 0.215439134391169 1 -0.00889031516048083
2909 11.298 0.206548819230688 1 -0.00889031516048083
2910 11.298 0.197658504070208 1 -0.00889031516048083
2911 11.298 0.188768188909727 1 -0.00889031516048083
2912 11.298 0.179877873749246 1 -0.00889031516048083
2913 11.298 0.170987558588765 1 -0.00889031516048083
2914 11.298 0.162097243428284 1 -0.00889031516048083
2915 11.298 0.153206928267803 1 -0.00889031516048083
2916 11.298 0.144316613107323 1 -0.00889031516048083
2917 11.298 0.135426297946842 1 -0.00889031516048083
2918 11.298 0.126535982786361 1 -0.00889031516048083
2919 11.298 0.11764566762588 1 -0.00889031516048082
2920 11.298 0.108755352465399 1 -0.00889031516048082
2921 11.298 0.0998650373049185 1 -0.00889031516048082
2922 11.298 0.0909747221444377 1 -0.00889031516048082
2923 11.298 0.0820844069839569 1 -0.00889031516048082
2924 11.298 0.0731940918234761 1 -0.00889031516048082
2925 11.298 0.0643037766629952 1 -0.00889031516048082
2926 11.298 0.0554134615025144 1 -0.00889031516048083
2927 11.298 0.0465231463420336 1 -0.00889031516048083
2928 11.298 0.0376328311815528 1 -0.00889031516048083
2929 11.298 0.0287425160210719 1 -0.00889031516048083
2930 11.298 0.0198522008605911 1 -0.00889031516048083
2931 11.298 0.0109618857001103 1 -0.00889031516048082
2932 11.298 0.00207157053962946 1 -0.00889031516048082
2933 11.298 0 1 -0.00207157053962946
2934 11.298 0 1 0
2935 11.298 0 1 0
2936 11.298 0 1 0
2937 11.298 0 1 0
2938 11.298 0 1 0
2939 11.298 0 1 0
2940 11.298 0 1 0
2941 11.298 0 1 0
2942 11.298 0 1 0
2943 11.298 0 1 0
2944 11.298 0 1 0
2945 11.298 0 1 0
2946 11.298 0 1 0
2947 11.298 0 1 0
2948 11.298 0 1 0
2949 11.298 0 1 0
2950 11.298 0 1 0
2951 11.298 0 1 0
2952 11.298 0 1 0
2953 11.298 0 1 0
2954 11.298 0 1 0
2955 11.298 0 1 0
2956 11.298 0 1 0
2957 11.298 0 1 0
2958 11.298 0 1 0
2959 11.298 0 1 0
2960 11.298 0 1 0
2961 11.298 0 1 0
2962 11.298 0 1 0
2963 11.298 0 1 0
2964 11.298 0 1 0
2965 11.298 0 1 0
2966 11.298 0 1 0
2967 11.298 0 1 0
2968 11.298 0 1 0
2969 11.298 0 1 0
2970 11.298 0 1 0
2971 11.298 0 1 0
2972 11.298 0 1 0
2973 11.298 0 1 0
2974 11.298 0 1 0
2975 11.298 0 1 0
2976 11.298 0 1 0
2977 11.298 0 1 0
2978 11.298 0 1 0
2979 11.298 0 1 0
2980 11.298 0 1 0
2981 11.298 0 1 0
2982 11.298 0 1 0
2983 11.298 0 1 0
2984 11.298 0 1 0
2985 11.298 0 1 0
2986 11.298 0 1 0
2987 11.298 0 1 0
2988 11.298 0 1 0
2989 11.298 0 1 0
2990 11.298 0 1 0
2991 11.298 0 1 0
2992 11.298 0 1 0
2993 11.298 0 1 0
2994 11.298 0 1 0
2995 11.298 0 1 0
2996 11.298 0 1 0
2997 11.298 0 1 0
2998 11.298 0 1 0
2999 11.298 0 1 0
3000 11.298 0 1 0
