"t" "Tt" "Vt" "dt" "Vdt"
2005 2.223 7.2082 1 -0.0011000000000001
2105 0 7.2074 100 -7.99999999999912e-06
2205 0 7.1989 100 -8.49999999999973e-05
2305 0 7.1936 100 -5.30000000000008e-05
2405 0 7.1863 100 -7.29999999999986e-05
2505 0 7.1803 100 -6.00000000000023e-05
2605 0 7.175 100 -5.30000000000008e-05
2705 0 7.1675 100 -7.4999999999994e-05
2805 0 7.1616 100 -5.90000000000046e-05
2905 0 7.1563 100 -5.30000000000008e-05
3005 0 7.1465 100 -9.80000000000025e-05
3105 0 7.1434 100 -3.09999999999988e-05
3205 0 7.1359 100 -7.4999999999994e-05
3305 0 7.1296 100 -6.30000000000042e-05
3405 0 7.1243 100 -5.30000000000008e-05
3505 0 7.1159 100 -8.39999999999996e-05
3605 0 7.1095 100 -6.40000000000018e-05
3705 0 7.102 100 -7.4999999999994e-05
3805 0 7.0972 100 -4.80000000000036e-05
3905 0 7.0901 100 -7.10000000000033e-05
4005 0 7.0859 100 -4.19999999999998e-05
4105 0 7.0793 100 -6.59999999999972e-05
4205 0 7.0755 100 -3.80000000000003e-05
4305 0 7.0678 100 -7.69999999999982e-05
4405 0 7.0614 100 -6.40000000000018e-05
4505 0 7.0535 100 -7.90000000000024e-05
4605 0 7.0502 100 -3.29999999999941e-05
4705 0 7.0459 100 -4.30000000000064e-05
4805 0 7.039 100 -6.89999999999991e-05
4905 0 7.032 100 -6.99999999999967e-05
5005 0 7.0286 100 -3.40000000000007e-05
5105 0 7.0198 100 -8.79999999999992e-05
5205 0 7.0141 100 -5.70000000000004e-05
5305 0 7.0088 100 -5.30000000000008e-05
5405 0 7.0059 100 -2.90000000000035e-05
5505 0 6.994 100 -0.000118999999999998
5605 0 6.9923 100 -1.69999999999959e-05
5705 0 6.988 100 -4.29999999999975e-05
5805 0 6.981 100 -7.00000000000056e-05
5905 0 6.9774 100 -3.5999999999996e-05
6005 0 6.9731 100 -4.30000000000064e-05
6105 0 6.9654 100 -7.69999999999982e-05
6205 0 6.9617 100 -3.69999999999937e-05
6305 0 6.9591 100 -2.60000000000016e-05
6405 0 6.952 100 -7.10000000000033e-05
6505 0 6.9479 100 -4.10000000000021e-05
6605 0 6.9405 100 -7.39999999999963e-05
6705 0 6.9369 100 -3.60000000000049e-05
6805 0 6.9311 100 -5.79999999999981e-05
6905 0 6.9268 100 -4.29999999999975e-05
7005 0 6.9211 100 -5.70000000000004e-05
7105 0 6.9156 100 -5.49999999999962e-05
7205 0 6.9115 100 -4.10000000000021e-05
7305 0 6.9092 100 -2.29999999999997e-05
7405 0 6.9034 100 -5.79999999999981e-05
7505 0 6.8971 100 -6.30000000000042e-05
7605 0 6.8924 100 -4.6999999999997e-05
7705 0 6.889 100 -3.40000000000007e-05
7805 0 6.8835 100 -5.5000000000005e-05
7905 0 6.8772 100 -6.29999999999953e-05
8005 0 6.8756 100 -1.59999999999982e-05
8105 0 6.8685 100 -7.10000000000033e-05
8205 0 6.8635 100 -4.99999999999989e-05
8305 0 6.8605 100 -3.00000000000011e-05
8405 0 6.8565 100 -4.00000000000045e-05
8505 0 6.853 100 -3.49999999999984e-05
8605 0 6.8463 100 -6.69999999999948e-05
8705 0 6.8451 100 -1.19999999999987e-05
8805 0 6.84 100 -5.10000000000055e-05
8905 0 6.8364 100 -3.5999999999996e-05
9005 0 6.8312 100 -5.20000000000032e-05
9105 0 6.8274 100 -3.80000000000003e-05
9205 0 6.8223 100 -5.09999999999966e-05
9305 0 6.8189 100 -3.40000000000007e-05
9405 0 6.8147 100 -4.19999999999998e-05
9505 0 6.8114 100 -3.3000000000003e-05
9605 0 6.8079 100 -3.49999999999984e-05
9705 0 6.8025 100 -5.39999999999985e-05
9805 0 6.7984 100 -4.10000000000021e-05
9905 0 6.7942 100 -4.19999999999998e-05
10005 0 6.7901 100 -4.10000000000021e-05
10105 0 6.7857 100 -4.39999999999952e-05
10205 0 6.7841 100 -1.60000000000071e-05
10305 0 6.777 100 -7.09999999999944e-05
10405 0 6.7742 100 -2.79999999999969e-05
10505 0 6.7719 100 -2.30000000000086e-05
10605 0 6.7667 100 -5.19999999999943e-05
10705 0 6.7636 100 -3.09999999999988e-05
10805 0 6.76 100 -3.60000000000049e-05
10905 0 6.7552 100 -4.79999999999947e-05
11005 0 6.752 100 -3.20000000000054e-05
11105 0 6.7489 100 -3.09999999999988e-05
11205 0 6.7442 100 -4.6999999999997e-05
11305 0 6.7433 100 -9.00000000000567e-06
11405 0 6.7347 100 -8.5999999999995e-05
11505 0 6.7313 100 -3.40000000000007e-05
11605 0 6.7281 100 -3.19999999999965e-05
11705 0 6.7235 100 -4.60000000000083e-05
11805 0 6.7213 100 -2.19999999999931e-05
11905 0 6.7194 100 -1.90000000000001e-05
12005 0 6.7134 100 -6.00000000000023e-05
12105 0 6.7075 100 -5.90000000000046e-05
12205 0 6.7071 100 -3.99999999999956e-06
12305 0 6.7033 100 -3.80000000000003e-05
12405 0 6.6993 100 -3.99999999999956e-05
12505 0 6.6942 100 -5.09999999999966e-05
12605 0 6.6913 100 -2.90000000000035e-05
12705 0 6.6844 100 -6.89999999999991e-05
12805 0 6.6835 100 -8.99999999999679e-06
12905 0 6.6796 100 -3.90000000000068e-05
13005 0 6.6755 100 -4.09999999999933e-05
13105 0 6.6728 100 -2.70000000000081e-05
13205 0 6.6686 100 -4.19999999999998e-05
13305 0 6.6615 100 -7.09999999999944e-05
13405 0 6.6609 100 -6.00000000000378e-06
13505 0 6.6557 100 -5.19999999999943e-05
13605 0 6.6538 100 -1.90000000000001e-05
13705 0 6.649 100 -4.80000000000036e-05
13805 0 6.6427 100 -6.30000000000042e-05
13905 0 6.6386 100 -4.09999999999933e-05
14005 0 6.6354 100 -3.20000000000054e-05
14105 0 6.6297 100 -5.70000000000004e-05
14205 0 6.6275 100 -2.19999999999931e-05
14305 0 6.6239 100 -3.60000000000049e-05
14405 0 6.6211 100 -2.79999999999969e-05
14505 0 6.6153 100 -5.79999999999981e-05
14605 0 6.6125 100 -2.80000000000058e-05
14705 0 6.6081 100 -4.39999999999952e-05
14805 0 6.6029 100 -5.20000000000032e-05
14905 0 6.5984 100 -4.50000000000017e-05
15005 0 6.5953 100 -3.09999999999988e-05
15105 0 6.5909 100 -4.39999999999952e-05
15205 0 6.5864 100 -4.50000000000017e-05
15305 0 6.5821 100 -4.30000000000064e-05
15405 0 6.579 100 -3.09999999999988e-05
15505 0 6.5761 100 -2.89999999999946e-05
15605 0 6.5695 100 -6.6000000000006e-05
15705 0 6.5642 100 -5.30000000000008e-05
15805 0 6.5617 100 -2.4999999999995e-05
15905 0 6.5554 100 -6.30000000000042e-05
16005 0 6.5528 100 -2.59999999999927e-05
16105 0 6.5494 100 -3.40000000000007e-05
16205 0 6.5457 100 -3.70000000000026e-05
16305 0 6.5382 100 -7.50000000000028e-05
16405 0 6.5372 100 -9.99999999999446e-06
16505 0 6.5334 100 -3.80000000000003e-05
16605 0 6.5277 100 -5.70000000000004e-05
16705 0 6.5233 100 -4.4000000000004e-05
16805 0 6.5178 100 -5.49999999999962e-05
16905 0 6.5123 100 -5.5000000000005e-05
17005 0 6.5096 100 -2.69999999999992e-05
17105 0 6.5073 100 -2.29999999999997e-05
17205 0 6.5016 100 -5.70000000000004e-05
17305 0 6.4955 100 -6.09999999999999e-05
17405 0 6.4921 100 -3.40000000000007e-05
17505 0 6.4844 100 -7.69999999999982e-05
17605 0 6.4826 100 -1.80000000000025e-05
17705 0 6.4782 100 -4.39999999999952e-05
17805 0 6.4719 100 -6.30000000000042e-05
17905 0 6.4684 100 -3.49999999999984e-05
18005 0 6.4648 100 -3.5999999999996e-05
18105 0 6.4568 100 -8.00000000000001e-05
18205 0 6.4542 100 -2.60000000000016e-05
18305 0 6.4508 100 -3.40000000000007e-05
18405 0 6.4429 100 -7.90000000000024e-05
18505 0 6.4371 100 -5.79999999999981e-05
18605 0 6.4329 100 -4.19999999999998e-05
18705 0 6.4273 100 -5.60000000000027e-05
18805 0 6.4215 100 -5.79999999999981e-05
18905 0 6.4173 100 -4.19999999999998e-05
19005 0 6.4135 100 -3.80000000000003e-05
19105 0 6.4084 100 -5.09999999999966e-05
19205 0 6.4015 100 -6.89999999999991e-05
19305 0 6.3974 100 -4.10000000000021e-05
19405 0 6.3918 100 -5.60000000000027e-05
19505 0 6.3874 100 -4.39999999999952e-05
19605 0 6.3805 100 -6.90000000000079e-05
19705 0 6.3759 100 -4.59999999999994e-05
19805 0 6.3685 100 -7.39999999999963e-05
19905 0 6.3656 100 -2.90000000000035e-05
20005 0 6.3578 100 -7.79999999999959e-05
20105 0 6.3542 100 -3.60000000000049e-05
20205 0 6.3463 100 -7.89999999999935e-05
20305 0 6.3415 100 -4.80000000000036e-05
20405 0 6.336 100 -5.49999999999962e-05
20505 0 6.329 100 -7.00000000000056e-05
20605 0 6.3244 100 -4.59999999999994e-05
20705 0 6.3157 100 -8.70000000000015e-05
20805 0 6.3089 100 -6.79999999999925e-05
20905 0 6.3047 100 -4.19999999999998e-05
21005 0 6.2957 100 -9.00000000000034e-05
21105 0 6.291 100 -4.6999999999997e-05
21205 0 6.2845 100 -6.49999999999995e-05
21305 0 6.279 100 -5.5000000000005e-05
21405 0 6.2714 100 -7.60000000000005e-05
21505 0 6.2658 100 -5.60000000000027e-05
21605 0 6.2564 100 -9.39999999999941e-05
21705 0 6.2496 100 -6.80000000000014e-05
21805 0 6.2464 100 -3.19999999999965e-05
21905 0 6.2352 100 -0.000112000000000005
22005 0 6.2282 100 -6.99999999999967e-05
22105 0 6.2183 100 -9.90000000000002e-05
22205 0 6.2129 100 -5.39999999999985e-05
22305 0 6.2051 100 -7.80000000000047e-05
22405 0 6.1952 100 -9.90000000000002e-05
22505 0 6.1876 100 -7.60000000000005e-05
22605 0 6.1803 100 -7.29999999999986e-05
22705 0 6.1695 100 -0.000107999999999997
22805 0 6.1593 100 -0.000102000000000002
22905 0 6.1497 100 -9.59999999999983e-05
23005 0 6.1407 100 -9.00000000000034e-05
23105 0 6.1333 100 -7.39999999999963e-05
23205 0 6.1203 100 -0.000129999999999999
23305 0 6.1119 100 -8.39999999999996e-05
23405 0 6.1034 100 -8.50000000000062e-05
23505 0 6.0921 100 -0.000112999999999994
23605 0 6.0816 100 -0.000105000000000004
23705 0 6.0732 100 -8.39999999999996e-05
23805 0 6.0652 100 -8.00000000000001e-05
23905 0 6.0546 100 -0.000106000000000002
24005 0 6.0467 100 -7.89999999999935e-05
24105 0 6.038 100 -8.70000000000015e-05
24205 0 6.0292 100 -8.79999999999992e-05
24305 0 6.0207 100 -8.50000000000062e-05
24405 0 6.0128 100 -7.89999999999935e-05
24505 0 6.0052 100 -7.60000000000005e-05
24605 0 5.9966 100 -8.60000000000039e-05
24705 0 5.9892 100 -7.39999999999963e-05
24805 0 5.9809 100 -8.3000000000002e-05
24905 0 5.973 100 -7.90000000000024e-05
25005 0 5.9685 100 -4.50000000000017e-05
25105 0 5.9612 100 -7.29999999999986e-05
25205 0 5.9539 100 -7.29999999999986e-05
25305 0 5.9445 100 -9.4000000000003e-05
25405 0 5.9391 100 -5.39999999999985e-05
25505 0 5.9309 100 -8.19999999999954e-05
25605 0 5.9232 100 -7.70000000000071e-05
25705 0 5.9169 100 -6.29999999999953e-05
25805 0 5.9128 100 -4.10000000000021e-05
25905 0 5.9051 100 -7.69999999999982e-05
26005 0 5.8972 100 -7.90000000000024e-05
26105 0 5.8935 100 -3.69999999999937e-05
26205 0 5.8857 100 -7.80000000000047e-05
26305 0 5.8806 100 -5.09999999999966e-05
26405 0 5.8758 100 -4.80000000000036e-05
26505 0 5.8692 100 -6.59999999999972e-05
26605 0 5.863 100 -6.19999999999976e-05
26705 0 5.8568 100 -6.20000000000065e-05
26805 0 5.8505 100 -6.29999999999953e-05
26905 0 5.8437 100 -6.80000000000014e-05
27005 0 5.8398 100 -3.89999999999979e-05
27105 0 5.8349 100 -4.90000000000013e-05
27205 0 5.8286 100 -6.30000000000042e-05
27305 0 5.8228 100 -5.79999999999981e-05
27405 0 5.8168 100 -6.00000000000023e-05
27505 0 5.8134 100 -3.40000000000007e-05
27605 0 5.809 100 -4.39999999999952e-05
27705 0 5.8029 100 -6.09999999999999e-05
27805 0 5.7972 100 -5.70000000000004e-05
27905 0 5.7904 100 -6.80000000000014e-05
28005 0 5.7869 100 -3.49999999999984e-05
28105 0 5.7825 100 -4.4000000000004e-05
28205 0 5.7766 100 -5.89999999999957e-05
28305 0 5.7717 100 -4.90000000000013e-05
28405 0 5.7689 100 -2.79999999999969e-05
28505 0 5.7636 100 -5.30000000000008e-05
28605 0 5.7573 100 -6.30000000000042e-05
28705 0 5.7548 100 -2.4999999999995e-05
28805 0 5.7505 100 -4.30000000000064e-05
28905 0 5.7433 100 -7.2000000000001e-05
29005 0 5.7395 100 -3.80000000000003e-05
29105 0 5.7358 100 -3.69999999999937e-05
29205 0 5.73 100 -5.79999999999981e-05
29305 0 5.7283 100 -1.70000000000048e-05
29405 0 5.7237 100 -4.59999999999994e-05
29505 0 5.718 100 -5.70000000000004e-05
29605 0 5.7137 100 -4.29999999999975e-05
29705 0 5.7094 100 -4.30000000000064e-05
29805 0 5.708 100 -1.3999999999994e-05
29905 0 5.7027 100 -5.30000000000008e-05
30005 0 5.699 100 -3.70000000000026e-05
30105 0 5.6979 100 -1.1000000000001e-05
30205 0 5.6916 100 -6.29999999999953e-05
30305 0 5.6858 100 -5.79999999999981e-05
30405 0 5.6834 100 -2.40000000000062e-05
30505 0 5.682 100 -1.3999999999994e-05
30605 0 5.6755 100 -6.49999999999995e-05
30705 0 5.6739 100 -1.60000000000071e-05
30805 0 5.6728 100 -1.1000000000001e-05
30905 0 5.6647 100 -8.09999999999977e-05
31005 0 5.6635 100 -1.19999999999987e-05
31105 0 5.6616 100 -1.90000000000001e-05
31205 0 5.6557 100 -5.89999999999957e-05
31305 0 5.6534 100 -2.29999999999997e-05
31405 0 5.6513 100 -2.10000000000043e-05
31505 0 5.6449 100 -6.40000000000018e-05
31605 0 5.643 100 -1.90000000000001e-05
31705 0 5.641 100 -1.99999999999978e-05
31805 0 5.6353 100 -5.70000000000004e-05
31905 0 5.6343 100 -1.00000000000033e-05
32005 0 5.6322 100 -2.09999999999955e-05
32105 0 5.6289 100 -3.3000000000003e-05
32205 0 5.6246 100 -4.29999999999975e-05
32305 0 5.6223 100 -2.29999999999997e-05
32405 0 5.6196 100 -2.69999999999992e-05
32505 0 5.6164 100 -3.20000000000054e-05
32605 0 5.6137 100 -2.69999999999992e-05
32705 0 5.6102 100 -3.49999999999984e-05
32805 0 5.6067 100 -3.49999999999984e-05
32905 0 5.605 100 -1.69999999999959e-05
33005 0 5.6018 100 -3.20000000000054e-05
33105 0 5.5981 100 -3.70000000000026e-05
33205 0 5.5964 100 -1.69999999999959e-05
33305 0 5.5947 100 -1.70000000000048e-05
33405 0 5.5905 100 -4.19999999999998e-05
33505 0 5.5882 100 -2.29999999999997e-05
33605 0 5.5854 100 -2.79999999999969e-05
33705 0 5.5823 100 -3.09999999999988e-05
33805 0 5.581 100 -1.29999999999963e-05
33905 0 5.5767 100 -4.30000000000064e-05
34005 0 5.5732 100 -3.49999999999984e-05
34105 0 5.5723 100 -8.99999999999679e-06
34205 0 5.5709 100 -1.40000000000029e-05
34305 0 5.5687 100 -2.2000000000002e-05
34405 0 5.5629 100 -5.79999999999981e-05
34505 0 5.5632 100 3.00000000000189e-06
34605 0 5.5625 100 -7.00000000000145e-06
34705 0 5.5561 100 -6.40000000000018e-05
34805 0 5.5569 100 7.99999999999912e-06
34905 0 5.5538 100 -3.09999999999988e-05
35005 0 5.5496 100 -4.19999999999998e-05
35105 0 5.5483 100 -1.29999999999963e-05
35205 0 5.5443 100 -4.00000000000045e-05
35305 0 5.5409 100 -3.40000000000007e-05
35405 0 5.5422 100 1.30000000000052e-05
35505 0 5.5381 100 -4.10000000000021e-05
35605 0 5.5347 100 -3.40000000000007e-05
35705 0 5.5345 100 -1.99999999999534e-06
35805 0 5.5318 100 -2.70000000000081e-05
35905 0 5.5294 100 -2.39999999999974e-05
36005 0 5.5257 100 -3.70000000000026e-05
36105 0 5.5257 100 0
36205 0 5.5225 100 -3.19999999999965e-05
36305 0 5.52 100 -2.50000000000039e-05
36405 0 5.5189 100 -1.09999999999921e-05
36505 0 5.5185 100 -3.99999999999956e-06
36605 0 5.5139 100 -4.60000000000083e-05
36705 0 5.5133 100 -5.9999999999949e-06
36805 0 5.5108 100 -2.50000000000039e-05
36905 0 5.5063 100 -4.49999999999928e-05
37005 0 5.5049 100 -1.40000000000029e-05
37105 0 5.5032 100 -1.70000000000048e-05
37205 0 5.5017 100 -1.50000000000006e-05
37305 0 5.4982 100 -3.49999999999984e-05
37405 0 5.4955 100 -2.69999999999992e-05
37505 0 5.4952 100 -3.00000000000189e-06
37605 0 5.4903 100 -4.89999999999924e-05
37705 0 5.4911 100 7.99999999999912e-06
37805 0 5.4887 100 -2.40000000000062e-05
37905 0 5.4874 100 -1.29999999999963e-05
38005 0 5.4848 100 -2.60000000000016e-05
38105 0 5.4845 100 -3.00000000000189e-06
38205 0 5.4823 100 -2.19999999999931e-05
38305 0 5.4788 100 -3.50000000000072e-05
38405 0 5.4766 100 -2.19999999999931e-05
38505 0 5.4747 100 -1.90000000000001e-05
38605 0 5.47 100 -4.70000000000059e-05
38705 0 5.471 100 1.00000000000033e-05
38805 0 5.4679 100 -3.09999999999988e-05
38905 0 5.4662 100 -1.70000000000048e-05
39005 0 5.4632 100 -3.00000000000011e-05
39105 0 5.4624 100 -7.99999999999912e-06
39205 0 5.4595 100 -2.89999999999946e-05
39305 0 5.4593 100 -2.00000000000422e-06
39405 0 5.4593 100 0
39505 0 5.4564 100 -2.89999999999946e-05
39605 0 5.4522 100 -4.19999999999998e-05
39705 0 5.4536 100 1.3999999999994e-05
39805 0 5.4513 100 -2.29999999999997e-05
39905 0 5.4478 100 -3.49999999999984e-05
40005 0 5.4472 100 -6.00000000000378e-06
40105 0 5.4446 100 -2.59999999999927e-05
40205 0 5.4448 100 1.99999999999534e-06
40305 0 5.4406 100 -4.19999999999998e-05
40405 0 5.4402 100 -3.99999999999956e-06
40505 0 5.4381 100 -2.09999999999955e-05
40605 0 5.4384 100 2.99999999999301e-06
40705 0 5.4364 100 -1.99999999999978e-05
40805 0 5.4321 100 -4.29999999999975e-05
40905 0 5.4304 100 -1.70000000000048e-05
41005 0 5.4295 100 -8.99999999999679e-06
41105 0 5.4276 100 -1.90000000000001e-05
41205 0 5.4255 100 -2.09999999999955e-05
41305 0 5.4254 100 -1.00000000000655e-06
41405 0 5.425 100 -3.99999999999956e-06
41505 0 5.4232 100 -1.80000000000025e-05
41605 0 5.4212 100 -1.99999999999978e-05
41705 0 5.4207 100 -4.99999999999723e-06
41805 0 5.4179 100 -2.79999999999969e-05
41905 0 5.4162 100 -1.70000000000048e-05
42005 0 5.4145 100 -1.69999999999959e-05
42105 0 5.4137 100 -7.99999999999912e-06
42205 0 5.4122 100 -1.50000000000006e-05
42305 0 5.4083 100 -3.90000000000068e-05
42405 0 5.4092 100 9.00000000000567e-06
42505 0 5.4076 100 -1.59999999999982e-05
42605 0 5.4072 100 -4.00000000000844e-06
42705 0 5.4015 100 -5.69999999999915e-05
42805 0 5.4028 100 1.29999999999963e-05
42905 0 5.4027 100 -9.99999999997669e-07
43005 0 5.3993 100 -3.40000000000007e-05
43105 0 5.3999 100 5.9999999999949e-06
43205 0 5.3971 100 -2.79999999999969e-05
43305 0 5.3976 100 4.99999999999723e-06
43405 0 5.395 100 -2.60000000000016e-05
43505 0 5.3958 100 8.000000000008e-06
43605 0 5.3946 100 -1.20000000000076e-05
43705 0 5.3942 100 -3.99999999999956e-06
43805 0 5.3925 100 -1.69999999999959e-05
43905 0 5.3909 100 -1.59999999999982e-05
44005 0 5.3905 100 -3.99999999999956e-06
44105 0 5.3874 100 -3.09999999999988e-05
44205 0 5.3868 100 -6.00000000000378e-06
44305 0 5.3882 100 1.40000000000029e-05
44405 0 5.3848 100 -3.40000000000007e-05
44505 0 5.3824 100 -2.40000000000062e-05
44605 0 5.3827 100 3.00000000000189e-06
44705 0 5.3801 100 -2.60000000000016e-05
44805 0 5.3797 100 -3.99999999999956e-06
44905 0 5.3786 100 -1.1000000000001e-05
45005 0 5.3792 100 6.00000000000378e-06
45105 0 5.3774 100 -1.80000000000025e-05
45205 0 5.3765 100 -8.99999999999679e-06
45305 0 5.3763 100 -2.00000000000422e-06
45405 0 5.3747 100 -1.59999999999982e-05
45505 0 5.3749 100 2.00000000000422e-06
45605 0 5.3718 100 -3.09999999999988e-05
45705 0 5.3705 100 -1.30000000000052e-05
45805 0 5.3709 100 3.99999999999956e-06
45905 0 5.3694 100 -1.50000000000006e-05
46005 0 5.3687 100 -7.00000000000145e-06
46105 0 5.3676 100 -1.09999999999921e-05
46205 0 5.3667 100 -9.00000000000567e-06
46305 0 5.364 100 -2.69999999999992e-05
46405 0 5.3633 100 -7.00000000000145e-06
46505 0 5.3629 100 -3.99999999999956e-06
46605 0 5.3612 100 -1.69999999999959e-05
46705 0 5.3605 100 -7.00000000000145e-06
46805 0 5.3604 100 -9.99999999997669e-07
46905 0 5.3583 100 -2.10000000000043e-05
47005 0 5.356 100 -2.29999999999997e-05
47105 0 5.3578 100 1.80000000000025e-05
47205 0 5.3568 100 -1.00000000000033e-05
47305 0 5.355 100 -1.79999999999936e-05
47405 0 5.3546 100 -4.00000000000844e-06
47505 0 5.3528 100 -1.79999999999936e-05
47605 0 5.3544 100 1.59999999999982e-05
47705 0 5.3516 100 -2.79999999999969e-05
47805 0 5.3504 100 -1.20000000000076e-05
47905 0 5.3499 100 -4.99999999999723e-06
48005 0 5.3486 100 -1.29999999999963e-05
48105 0 5.3467 100 -1.90000000000001e-05
48205 0 5.3476 100 8.99999999999679e-06
48305 0 5.3444 100 -3.19999999999965e-05
48405 0 5.3459 100 1.50000000000006e-05
48505 0 5.3466 100 6.99999999999257e-06
48605 0 5.3444 100 -2.19999999999931e-05
48705 0 5.3436 100 -7.99999999999912e-06
48805 0 5.3425 100 -1.1000000000001e-05
48905 0 5.3425 100 0
49005 0 5.3411 100 -1.40000000000029e-05
49105 0 5.3409 100 -1.99999999999534e-06
49205 0 5.3397 100 -1.20000000000076e-05
49305 0 5.3422 100 2.50000000000039e-05
49405 0 5.3384 100 -3.80000000000003e-05
49505 0 5.3382 100 -2.00000000000422e-06
49605 0 5.3396 100 1.40000000000029e-05
49705 0 5.3391 100 -4.99999999999723e-06
49805 0 5.3375 100 -1.59999999999982e-05
49905 0 5.3376 100 9.99999999997669e-07
50005 0 5.337 100 -6.00000000000378e-06
50105 0 5.3344 100 -2.60000000000016e-05
50205 0 5.3325 100 -1.90000000000001e-05
50305 0 5.335 100 2.50000000000039e-05
50405 0 5.3357 100 7.00000000000145e-06
50505 0 5.3334 100 -2.29999999999997e-05
50605 0 5.3332 100 -2.00000000000422e-06
50705 0 5.3346 100 1.40000000000029e-05
50805 0 5.3312 100 -3.40000000000007e-05
50905 0 5.3332 100 1.99999999999978e-05
51005 0 5.3319 100 -1.29999999999963e-05
51105 0 5.3318 100 -9.99999999997669e-07
51205 0 5.3324 100 5.9999999999949e-06
51305 0 5.3307 100 -1.69999999999959e-05
51405 0 5.3299 100 -7.99999999999912e-06
51505 0 5.3306 100 6.99999999999257e-06
51605 0 5.3306 100 0
51705 0 5.3299 100 -6.99999999999257e-06
51805 0 5.3266 100 -3.3000000000003e-05
51905 0 5.3279 100 1.29999999999963e-05
52005 0 5.3286 100 7.00000000000145e-06
52105 0 5.3267 100 -1.90000000000001e-05
52205 0 5.327 100 3.00000000000189e-06
52305 0 5.326 100 -1.00000000000033e-05
52405 0 5.3241 100 -1.90000000000001e-05
52505 0 5.3245 100 3.99999999999956e-06
52605 0 5.3266 100 2.10000000000043e-05
52705 0 5.3223 100 -4.29999999999975e-05
52805 0 5.3243 100 1.99999999999978e-05
52905 0 5.3245 100 1.99999999999534e-06
53005 0 5.3218 100 -2.69999999999992e-05
53105 0 5.3242 100 2.40000000000062e-05
53205 0 5.3225 100 -1.70000000000048e-05
53305 0 5.322 100 -4.99999999999723e-06
53405 0 5.3218 100 -2.00000000000422e-06
53505 0 5.3228 100 1.00000000000033e-05
53605 0 5.3224 100 -3.99999999999956e-06
53705 0 5.3205 100 -1.90000000000001e-05
53805 0 5.3197 100 -7.99999999999912e-06
53905 0 5.3195 100 -2.00000000000422e-06
54005 0 5.3184 100 -1.1000000000001e-05
54105 0 5.3197 100 1.30000000000052e-05
54205 0 5.3194 100 -3.00000000000189e-06
54305 0 5.3187 100 -7.00000000000145e-06
54405 0 5.3194 100 7.00000000000145e-06
54505 0 5.3195 100 9.99999999997669e-07
54605 0 5.3191 100 -3.99999999999956e-06
54705 0 5.3184 100 -7.00000000000145e-06
54805 0 5.3187 100 3.00000000000189e-06
54905 0 5.3166 100 -2.09999999999955e-05
55005 0 5.3157 100 -9.00000000000567e-06
55105 0 5.316 100 3.00000000000189e-06
55205 0 5.3171 100 1.1000000000001e-05
55305 0 5.3165 100 -6.00000000000378e-06
55405 0 5.3175 100 1.00000000000033e-05
55505 0 5.3176 100 9.99999999997669e-07
55605 0 5.3173 100 -2.99999999999301e-06
55705 0 5.3155 100 -1.80000000000025e-05
55805 0 5.3145 100 -1.00000000000033e-05
55905 0 5.3157 100 1.19999999999987e-05
56005 0 5.3167 100 1.00000000000033e-05
56105 0 5.3154 100 -1.29999999999963e-05
56205 0 5.314 100 -1.40000000000029e-05
56305 0 5.3147 100 7.00000000000145e-06
56405 0 5.3178 100 3.09999999999988e-05
56505 0 5.3144 100 -3.40000000000007e-05
56605 0 5.3138 100 -6.00000000000378e-06
56705 0 5.3158 100 2.00000000000067e-05
56805 0 5.3147 100 -1.1000000000001e-05
56905 0 5.3129 100 -1.80000000000025e-05
57005 0 5.3151 100 2.2000000000002e-05
57105 0 5.3163 100 1.19999999999987e-05
57205 0 5.3124 100 -3.89999999999979e-05
57305 0 5.3138 100 1.3999999999994e-05
57405 0 5.3132 100 -5.9999999999949e-06
57505 0 5.312 100 -1.19999999999987e-05
57605 0 5.3115 100 -5.00000000000611e-06
57705 0 5.3124 100 9.00000000000567e-06
57805 0 5.3135 100 1.1000000000001e-05
57905 0 5.3124 100 -1.1000000000001e-05
58005 0 5.3133 100 8.99999999999679e-06
58105 0 5.3116 100 -1.69999999999959e-05
58205 0 5.3115 100 -1.00000000000655e-06
58305 0 5.3112 100 -2.99999999999301e-06
58405 0 5.3116 100 3.99999999999956e-06
58505 0 5.3129 100 1.29999999999963e-05
58605 0 5.3101 100 -2.79999999999969e-05
58705 0 5.3108 100 7.00000000000145e-06
58805 0 5.3101 100 -7.00000000000145e-06
58905 0 5.311 100 8.99999999999679e-06
59005 0 5.3111 100 9.99999999997669e-07
59105 0 5.3133 100 2.2000000000002e-05
59205 0 5.3101 100 -3.19999999999965e-05
59305 0 5.3086 100 -1.50000000000006e-05
59405 0 5.3109 100 2.29999999999997e-05
59505 0 5.3112 100 3.00000000000189e-06
59605 0 5.3089 100 -2.29999999999997e-05
59705 0 5.3106 100 1.69999999999959e-05
59805 0 5.3093 100 -1.29999999999963e-05
59905 0 5.3078 100 -1.50000000000006e-05
60005 0 5.3084 100 5.9999999999949e-06
60105 0 5.3101 100 1.70000000000048e-05
60205 0 5.3081 100 -2.00000000000067e-05
60305 0 5.3105 100 2.40000000000062e-05
60405 0 5.3106 100 9.99999999997669e-07
60505 0 5.3064 100 -4.19999999999998e-05
60605 0 5.3078 100 1.40000000000029e-05
60705 0 5.3079 100 9.99999999997669e-07
60805 0 5.3087 100 7.99999999999912e-06
60905 0 5.3077 100 -1.00000000000033e-05
61005 0 5.3079 100 2.00000000000422e-06
61105 0 5.3086 100 7.00000000000145e-06
61205 0 5.3076 100 -1.00000000000033e-05
61305 0 5.3056 100 -1.99999999999978e-05
61405 0 5.3065 100 8.99999999999679e-06
61505 0 5.3066 100 1.00000000000655e-06
61605 0 5.3083 100 1.69999999999959e-05
61705 0 5.3079 100 -3.99999999999956e-06
61805 0 5.3069 100 -1.00000000000033e-05
61905 0 5.3095 100 2.60000000000016e-05
62005 0 5.3051 100 -4.39999999999952e-05
62105 0 5.3059 100 7.99999999999912e-06
62205 0 5.3071 100 1.19999999999987e-05
62305 0 5.3068 100 -3.00000000000189e-06
62405 0 5.3049 100 -1.90000000000001e-05
62505 0 5.3083 100 3.40000000000007e-05
62605 0 5.3066 100 -1.69999999999959e-05
62705 0 5.3055 100 -1.1000000000001e-05
62805 0 5.3047 100 -7.99999999999912e-06
62905 0 5.3068 100 2.09999999999955e-05
63005 0 5.3066 100 -1.99999999999534e-06
63105 0 5.3072 100 5.9999999999949e-06
63205 0 5.3055 100 -1.69999999999959e-05
63305 0 5.3057 100 1.99999999999534e-06
63405 0 5.3046 100 -1.1000000000001e-05
63505 0 5.3059 100 1.30000000000052e-05
63605 0 5.3052 100 -7.00000000000145e-06
63705 0 5.3059 100 7.00000000000145e-06
63805 0 5.3078 100 1.90000000000001e-05
63905 0 5.3064 100 -1.40000000000029e-05
64005 0 5.3055 100 -8.99999999999679e-06
64105 0 5.3056 100 9.99999999997669e-07
64205 0 5.3058 100 1.99999999999534e-06
64305 0 5.3041 100 -1.69999999999959e-05
64405 0 5.3061 100 1.99999999999978e-05
64505 0 5.3043 100 -1.80000000000025e-05
64605 0 5.3038 100 -4.99999999999723e-06
64705 0 5.3029 100 -8.99999999999679e-06
64805 0 5.3036 100 7.00000000000145e-06
64905 0 5.3039 100 2.99999999999301e-06
65005 0 5.3041 100 2.00000000000422e-06
65105 0 5.305 100 8.99999999999679e-06
65205 0 5.3069 100 1.90000000000001e-05
65305 0 5.3042 100 -2.69999999999992e-05
65405 0 5.3056 100 1.40000000000029e-05
65505 0 5.3044 100 -1.19999999999987e-05
65605 0 5.3041 100 -3.00000000000189e-06
65705 0 5.3043 100 1.99999999999534e-06
65805 0 5.3047 100 4.00000000000844e-06
65905 0 5.3013 100 -3.40000000000007e-05
66005 0 5.3049 100 3.5999999999996e-05
66105 0 5.305 100 9.99999999997669e-07
66205 0 5.3014 100 -3.5999999999996e-05
66305 0 5.3035 100 2.09999999999955e-05
66405 0 5.3049 100 1.40000000000029e-05
66505 0 5.3015 100 -3.40000000000007e-05
66605 0 5.3042 100 2.69999999999992e-05
66705 0 5.3061 100 1.90000000000001e-05
66805 0 5.3005 100 -5.59999999999938e-05
66905 0 5.3024 100 1.89999999999912e-05
67005 0 5.3026 100 2.00000000000422e-06
67105 0 5.304 100 1.40000000000029e-05
67205 0 5.3024 100 -1.60000000000071e-05
67305 0 5.302 100 -3.99999999999956e-06
67405 0 5.3052 100 3.20000000000054e-05
67505 0 5.3024 100 -2.80000000000058e-05
67605 0 5.3016 100 -7.99999999999912e-06
67705 0 5.3024 100 7.99999999999912e-06
67805 0 5.3031 100 7.00000000000145e-06
67905 0 5.3039 100 7.99999999999912e-06
68005 0 5.3012 100 -2.69999999999992e-05
68105 0 5.3027 100 1.50000000000006e-05
68205 0 5.3024 100 -3.00000000000189e-06
68305 0 5.3027 100 3.00000000000189e-06
68405 0 5.3015 100 -1.19999999999987e-05
68505 0 5.3023 100 7.99999999999912e-06
68605 0 5.3029 100 6.00000000000378e-06
68705 0 5.3049 100 1.99999999999978e-05
68805 0 5.3027 100 -2.2000000000002e-05
68905 0 5.3033 100 6.00000000000378e-06
69005 0 5.3026 100 -7.00000000000145e-06
69105 0 5.3011 100 -1.50000000000006e-05
69205 0 5.3005 100 -5.9999999999949e-06
69305 0 5.3016 100 1.09999999999921e-05
69405 0 5.3031 100 1.50000000000006e-05
69505 0 5.2993 100 -3.80000000000003e-05
69605 0 5.302 100 2.69999999999992e-05
69705 0 5.3008 100 -1.19999999999987e-05
69805 0 5.2991 100 -1.69999999999959e-05
69905 0 5.3 100 8.99999999999679e-06
70005 0 5.3023 100 2.29999999999997e-05
70105 0 5.3007 100 -1.59999999999982e-05
70205 0 5.302 100 1.29999999999963e-05
70305 0 5.3023 100 3.00000000000189e-06
70405 0 5.3011 100 -1.19999999999987e-05
70505 0 5.3011 100 0
70605 0 5.3009 100 -1.99999999999534e-06
70705 0 5.3016 100 6.99999999999257e-06
70805 0 5.3015 100 -9.99999999997669e-07
70905 0 5.3016 100 9.99999999997669e-07
71005 0 5.3024 100 7.99999999999912e-06
71105 0 5.2996 100 -2.79999999999969e-05
71205 0 5.3015 100 1.90000000000001e-05
71305 0 5.3008 100 -7.00000000000145e-06
71405 0 5.3005 100 -2.99999999999301e-06
71505 0 5.2997 100 -8.000000000008e-06
71605 0 5.2998 100 1.00000000000655e-06
71705 0 5.2982 100 -1.60000000000071e-05
71805 0 5.2994 100 1.20000000000076e-05
71905 0 5.2983 100 -1.1000000000001e-05
72005 0 5.3004 100 2.09999999999955e-05
72105 0 5.3007 100 3.00000000000189e-06
72205 0 5.2994 100 -1.29999999999963e-05
72305 0 5.2991 100 -3.00000000000189e-06
72405 0 5.299 100 -9.99999999997669e-07
72505 0 5.2992 100 1.99999999999534e-06
72605 0 5.2998 100 6.00000000000378e-06
72705 0 5.3012 100 1.3999999999994e-05
72805 0 5.2998 100 -1.3999999999994e-05
72905 0 5.2988 100 -1.00000000000033e-05
73005 0 5.2998 100 1.00000000000033e-05
73105 0 5.3024 100 2.59999999999927e-05
73205 0 5.2983 100 -4.09999999999933e-05
73305 0 5.2986 100 3.00000000000189e-06
73405 0 5.3007 100 2.09999999999955e-05
73505 0 5.2978 100 -2.90000000000035e-05
73605 0 5.2996 100 1.80000000000025e-05
73705 0 5.2998 100 2.00000000000422e-06
73805 0 5.299 100 -7.99999999999912e-06
73905 0 5.2977 100 -1.30000000000052e-05
74005 0 5.2991 100 1.40000000000029e-05
74105 0 5.2995 100 3.99999999999956e-06
74205 0 5.2995 100 0
74305 0 5.2978 100 -1.70000000000048e-05
74405 0 5.2982 100 3.99999999999956e-06
74505 0 5.297 100 -1.19999999999987e-05
74605 0 5.3001 100 3.09999999999988e-05
74705 0 5.2995 100 -5.9999999999949e-06
74805 0 5.2995 100 0
74905 0 5.2983 100 -1.19999999999987e-05
75005 0 5.2992 100 8.99999999999679e-06
75105 0 5.2982 100 -1.00000000000033e-05
75205 0 5.2952 100 -2.99999999999923e-05
75305 0 5.2984 100 3.19999999999965e-05
75405 0 5.2981 100 -3.00000000000189e-06
75505 0 5.2975 100 -5.9999999999949e-06
75605 0 5.2973 100 -2.00000000000422e-06
75705 0 5.2975 100 2.00000000000422e-06
75805 0 5.2979 100 3.99999999999956e-06
75905 0 5.2979 100 0
76005 0 5.3004 100 2.4999999999995e-05
76105 0 5.2988 100 -1.59999999999982e-05
76205 0 5.2989 100 9.99999999997669e-07
76305 0 5.2997 100 7.99999999999912e-06
76405 0 5.2994 100 -2.99999999999301e-06
76505 0 5.2955 100 -3.90000000000068e-05
76605 0 5.2977 100 2.2000000000002e-05
76705 0 5.2965 100 -1.19999999999987e-05
76805 0 5.2993 100 2.79999999999969e-05
76905 0 5.2972 100 -2.09999999999955e-05
77005 0 5.2969 100 -3.00000000000189e-06
77105 0 5.2971 100 2.00000000000422e-06
77205 0 5.2973 100 1.99999999999534e-06
77305 0 5.2961 100 -1.19999999999987e-05
77405 0 5.297 100 8.99999999999679e-06
77505 0 5.2992 100 2.2000000000002e-05
77605 0 5.2985 100 -7.00000000000145e-06
77705 0 5.2981 100 -3.99999999999956e-06
77805 0 5.2977 100 -3.99999999999956e-06
77905 0 5.2976 100 -9.99999999997669e-07
78005 0 5.2952 100 -2.39999999999974e-05
78105 0 5.2982 100 2.99999999999923e-05
78205 0 5.299 100 8.000000000008e-06
78305 0 5.2965 100 -2.50000000000039e-05
78405 0 5.2973 100 7.99999999999912e-06
78505 0 5.2978 100 4.99999999999723e-06
78605 0 5.2968 100 -9.99999999999446e-06
78705 0 5.2965 100 -3.00000000000189e-06
78805 0 5.2979 100 1.40000000000029e-05
78905 0 5.2951 100 -2.80000000000058e-05
79005 0 5.2954 100 3.00000000000189e-06
79105 0 5.2965 100 1.1000000000001e-05
79205 0 5.2949 100 -1.59999999999982e-05
79305 0 5.2952 100 3.00000000000189e-06
79405 0 5.2969 100 1.69999999999959e-05
79505 0 5.2973 100 3.99999999999956e-06
79605 0 5.2964 100 -8.99999999999679e-06
79705 0 5.2968 100 3.99999999999956e-06
79805 0 5.2982 100 1.3999999999994e-05
79905 0 5.2958 100 -2.39999999999974e-05
80005 0 5.2966 100 7.99999999999912e-06
80105 0 5.2969 100 3.00000000000189e-06
80205 0 5.2955 100 -1.40000000000029e-05
80305 0 5.2952 100 -2.99999999999301e-06
80405 0 5.296 100 7.99999999999912e-06
80505 0 5.2944 100 -1.59999999999982e-05
80605 0 5.2965 100 2.09999999999955e-05
80705 0 5.295 100 -1.50000000000006e-05
80805 0 5.2977 100 2.69999999999992e-05
80905 0 5.2947 100 -3.00000000000011e-05
81005 0 5.2946 100 -9.99999999997669e-07
81105 0 5.2942 100 -3.99999999999956e-06
81205 0 5.2965 100 2.29999999999997e-05
81305 0 5.2963 100 -2.00000000000422e-06
81405 0 5.2958 100 -4.99999999999723e-06
81505 0 5.2942 100 -1.59999999999982e-05
81605 0 5.2959 100 1.69999999999959e-05
81705 0 5.2956 100 -2.99999999999301e-06
81805 0 5.2968 100 1.19999999999987e-05
81905 0 5.2971 100 3.00000000000189e-06
82005 0 5.2935 100 -3.60000000000049e-05
82105 0 5.2963 100 2.79999999999969e-05
82205 0 5.2949 100 -1.3999999999994e-05
82305 0 5.2942 100 -7.00000000000145e-06
82405 0 5.2966 100 2.39999999999974e-05
82505 0 5.2938 100 -2.79999999999969e-05
82605 0 5.2928 100 -1.00000000000033e-05
82705 0 5.2952 100 2.40000000000062e-05
82805 0 5.2955 100 2.99999999999301e-06
82905 0 5.2949 100 -5.9999999999949e-06
83005 0 5.2941 100 -7.99999999999912e-06
83105 0 5.295 100 8.99999999999679e-06
83205 0 5.2942 100 -7.99999999999912e-06
83305 0 5.2936 100 -6.00000000000378e-06
83405 0 5.296 100 2.40000000000062e-05
83505 0 5.2939 100 -2.10000000000043e-05
83605 0 5.2949 100 1.00000000000033e-05
83705 0 5.2939 100 -1.00000000000033e-05
83805 0 5.295 100 1.1000000000001e-05
83905 0 5.2943 100 -7.00000000000145e-06
84005 0 5.2943 100 0
84105 0 5.2927 100 -1.59999999999982e-05
84205 0 5.2928 100 9.99999999997669e-07
84305 0 5.2948 100 2.00000000000067e-05
84405 0 5.2946 100 -2.00000000000422e-06
84505 0 5.2939 100 -7.00000000000145e-06
84605 0 5.2936 100 -3.00000000000189e-06
84705 0 5.2941 100 5.00000000000611e-06
84805 0 5.2929 100 -1.19999999999987e-05
84905 0 5.2948 100 1.90000000000001e-05
85005 0 5.2917 100 -3.10000000000077e-05
85105 0 5.2931 100 1.40000000000029e-05
85205 0 5.2938 100 7.00000000000145e-06
85305 0 5.2931 100 -7.00000000000145e-06
85405 0 5.2933 100 2.00000000000422e-06
85505 0 5.2931 100 -2.00000000000422e-06
85605 0 5.295 100 1.90000000000001e-05
85705 0 5.2926 100 -2.39999999999974e-05
85805 0 5.2944 100 1.80000000000025e-05
85905 0 5.2954 100 9.99999999999446e-06
86005 0 5.2929 100 -2.4999999999995e-05
86105 0 5.2936 100 6.99999999999257e-06
86205 0 5.2915 100 -2.09999999999955e-05
86305 0 5.2918 100 3.00000000000189e-06
86405 0 5.2936 100 1.79999999999936e-05
86505 0 5.2951 100 1.50000000000006e-05
86605 0 5.2923 100 -2.79999999999969e-05
86705 0 5.2933 100 1.00000000000033e-05
86805 0 5.2942 100 8.99999999999679e-06
86905 0 5.2928 100 -1.40000000000029e-05
87005 0 5.293 100 2.00000000000422e-06
87105 0 5.2913 100 -1.70000000000048e-05
87205 0 5.2936 100 2.29999999999997e-05
87305 0 5.2935 100 -9.99999999997669e-07
87405 0 5.291 100 -2.4999999999995e-05
87505 0 5.2921 100 1.09999999999921e-05
87605 0 5.2911 100 -9.99999999999446e-06
87705 0 5.2934 100 2.29999999999997e-05
87805 0 5.2921 100 -1.30000000000052e-05
87905 0 5.2915 100 -5.9999999999949e-06
88005 0 5.2926 100 1.1000000000001e-05
88105 0 5.291 100 -1.59999999999982e-05
88205 0 5.2936 100 2.59999999999927e-05
88305 0 5.2929 100 -6.99999999999257e-06
88405 0 5.2944 100 1.50000000000006e-05
88505 0 5.2937 100 -7.00000000000145e-06
88605 0 5.2912 100 -2.50000000000039e-05
88705 0 5.2914 100 2.00000000000422e-06
88805 0 5.2931 100 1.69999999999959e-05
88905 0 5.292 100 -1.1000000000001e-05
89005 0 5.2916 100 -3.99999999999956e-06
89105 0 5.2922 100 6.00000000000378e-06
89205 0 5.2942 100 1.99999999999978e-05
89305 0 5.291 100 -3.19999999999965e-05
89405 0 5.2905 100 -5.00000000000611e-06
89505 0 5.2931 100 2.60000000000016e-05
89605 0 5.2916 100 -1.50000000000006e-05
89705 0 5.289 100 -2.60000000000016e-05
89805 0 5.2926 100 3.60000000000049e-05
89905 0 5.2924 100 -2.00000000000422e-06
90005 0 5.2893 100 -3.09999999999988e-05
90105 0 5.2902 100 8.99999999999679e-06
90205 0 5.2915 100 1.30000000000052e-05
90305 0 5.2919 100 3.99999999999956e-06
90405 0 5.2895 100 -2.39999999999974e-05
90505 0 5.2942 100 4.6999999999997e-05
90605 0 5.2921 100 -2.10000000000043e-05
90705 0 5.2916 100 -4.99999999999723e-06
90805 0 5.2909 100 -7.00000000000145e-06
90905 0 5.2899 100 -9.99999999999446e-06
91005 0 5.2919 100 1.99999999999978e-05
91105 0 5.2909 100 -1.00000000000033e-05
91205 0 5.291 100 1.00000000000655e-06
91305 0 5.2901 100 -9.00000000000567e-06
91405 0 5.2908 100 7.00000000000145e-06
91505 0 5.2914 100 6.00000000000378e-06
91605 0 5.2891 100 -2.29999999999997e-05
91705 0 5.2914 100 2.29999999999997e-05
91805 0 5.2901 100 -1.30000000000052e-05
91905 0 5.2892 100 -8.99999999999679e-06
92005 0 5.2914 100 2.2000000000002e-05
92105 0 5.2914 100 0
92205 0 5.2896 100 -1.80000000000025e-05
92305 0 5.2911 100 1.50000000000006e-05
92405 0 5.2898 100 -1.30000000000052e-05
92505 0 5.2898 100 0
92605 0 5.2906 100 8.000000000008e-06
92705 0 5.2902 100 -4.00000000000844e-06
92805 0 5.2886 100 -1.59999999999982e-05
92905 0 5.2898 100 1.19999999999987e-05
93005 0 5.29 100 2.00000000000422e-06
93105 0 5.2879 100 -2.10000000000043e-05
93205 0 5.2889 100 1.00000000000033e-05
93305 0 5.2888 100 -9.99999999997669e-07
93405 0 5.2873 100 -1.50000000000006e-05
93505 0 5.2886 100 1.29999999999963e-05
93605 0 5.2907 100 2.10000000000043e-05
93705 0 5.288 100 -2.69999999999992e-05
93805 0 5.2886 100 5.9999999999949e-06
93905 0 5.2899 100 1.30000000000052e-05
94005 0 5.287 100 -2.90000000000035e-05
94105 0 5.2895 100 2.50000000000039e-05
94205 0 5.2892 100 -3.00000000000189e-06
94305 0 5.2881 100 -1.1000000000001e-05
94405 0 5.2914 100 3.3000000000003e-05
94505 0 5.2899 100 -1.50000000000006e-05
94605 0 5.2891 100 -7.99999999999912e-06
94705 0 5.2877 100 -1.40000000000029e-05
94805 0 5.2892 100 1.50000000000006e-05
94905 0 5.2875 100 -1.70000000000048e-05
95005 0 5.2882 100 7.00000000000145e-06
95105 0 5.2897 100 1.50000000000006e-05
95205 0 5.2878 100 -1.90000000000001e-05
95305 0 5.2886 100 7.99999999999912e-06
95405 0 5.2898 100 1.19999999999987e-05
95505 0 5.2905 100 7.00000000000145e-06
95605 0 5.2879 100 -2.60000000000016e-05
95705 0 5.2888 100 9.00000000000567e-06
95805 0 5.288 100 -7.99999999999912e-06
95905 0 5.2879 100 -1.00000000000655e-06
96005 0 5.2882 100 3.00000000000189e-06
96105 0 5.2884 100 2.00000000000422e-06
96205 0 5.2898 100 1.3999999999994e-05
96305 0 5.2878 100 -1.99999999999978e-05
96405 0 5.2884 100 6.00000000000378e-06
96505 0 5.288 100 -3.99999999999956e-06
96605 0 5.2881 100 9.99999999997669e-07
96705 0 5.2885 100 3.99999999999956e-06
96805 0 5.2894 100 8.99999999999679e-06
96905 0 5.2879 100 -1.50000000000006e-05
97005 0 5.2889 100 1.00000000000033e-05
97105 0 5.2892 100 3.00000000000189e-06
97205 0 5.2864 100 -2.79999999999969e-05
97305 0 5.2878 100 1.3999999999994e-05
97405 0 5.2885 100 7.00000000000145e-06
97505 0 5.2881 100 -3.99999999999956e-06
97605 0 5.2894 100 1.29999999999963e-05
97705 0 5.2855 100 -3.89999999999979e-05
97805 0 5.289 100 3.49999999999984e-05
97905 0 5.2871 100 -1.90000000000001e-05
98005 0 5.2889 100 1.80000000000025e-05
98105 0 5.2883 100 -6.00000000000378e-06
98205 0 5.2867 100 -1.59999999999982e-05
98305 0 5.2876 100 9.00000000000567e-06
98405 0 5.2869 100 -7.00000000000145e-06
98505 0 5.2885 100 1.59999999999982e-05
98605 0 5.2856 100 -2.90000000000035e-05
98705 0 5.2873 100 1.70000000000048e-05
98805 0 5.2882 100 8.99999999999679e-06
98905 0 5.2869 100 -1.29999999999963e-05
99005 0 5.287 100 9.99999999997669e-07
99105 0 5.2887 100 1.70000000000048e-05
99205 0 5.2853 100 -3.40000000000007e-05
99305 0 5.287 100 1.69999999999959e-05
99405 0 5.2873 100 3.00000000000189e-06
99505 0 5.2862 100 -1.1000000000001e-05
99605 0 5.285 100 -1.19999999999987e-05
99705 0 5.2867 100 1.69999999999959e-05
99805 0 5.2874 100 7.00000000000145e-06
99905 0 5.2846 100 -2.79999999999969e-05
100005 0 5.2886 100 3.99999999999956e-05
100105 0 5.2873 100 -1.29999999999963e-05
100205 0 5.2859 100 -1.40000000000029e-05
100305 0 5.2867 100 7.99999999999912e-06
100405 0 5.2867 100 0
100505 0 5.2853 100 -1.3999999999994e-05
100605 0 5.2859 100 5.9999999999949e-06
100705 0 5.2855 100 -3.99999999999956e-06
100805 0 5.2843 100 -1.19999999999987e-05
100905 0 5.285 100 7.00000000000145e-06
101005 0 5.2852 100 1.99999999999534e-06
101105 0 5.2857 100 5.00000000000611e-06
101205 0 5.2857 100 0
101305 0 5.285 100 -7.00000000000145e-06
101405 0 5.2855 100 4.99999999999723e-06
101505 0 5.2868 100 1.30000000000052e-05
101605 0 5.285 100 -1.80000000000025e-05
101705 0 5.2864 100 1.40000000000029e-05
101805 0 5.2865 100 9.99999999997669e-07
101905 0 5.2854 100 -1.1000000000001e-05
102005 0 5.2846 100 -7.99999999999912e-06
