"t" "Tt" "Vt" "dt" "Vdt"
2006 0.049 7.2082 0.999999999999773 0
2007 0.098 7.2082 1.00000000000045 0
2008 0.146 7.2081 0.999999999999773 -9.99999999997897e-05
2009 0.194 7.2081 1 0
2010 0.242 7.208 0.999999999999773 -9.99999999997897e-05
2011 0.288 7.2079 1.00000000000045 -9.99999999997215e-05
2012 0.335 7.2078 0.999999999999773 -0.000100000000000678
2013 0.381 7.2077 1 -9.99999999997669e-05
2014 0.426 7.2076 0.999999999999773 -9.99999999997897e-05
2015 0.471 7.2074 1.00000000000045 -0.000200000000000331
2016 0.516 7.2072 0.999999999999773 -0.000199999999999579
2017 0.56 7.2071 1 -0.000100000000000655
2018 0.604 7.2069 0.999999999999773 -0.000199999999999579
2019 0.647 7.2066 1.00000000000045 -0.000300000000000053
2020 0.69 7.2064 0.999999999999773 -0.000199999999999579
2021 0.732 7.2062 1 -0.000200000000000422
2022 0.774 7.2059 0.999999999999773 -0.000300000000000257
2023 0.816 7.2056 1.00000000000045 -0.000300000000000053
2024 0.857 7.2054 0.999999999999773 -0.000199999999999579
2025 0.898 7.2051 1 -0.000300000000000189
2026 0.938 7.2048 0.999999999999773 -0.000300000000000257
2027 0.978 7.2044 1.00000000000045 -0.000399999999999774
2028 1.018 7.2041 0.999999999999773 -0.000299999999999369
2029 1.057 7.2038 1 -0.000300000000000189
2030 1.096 7.2034 0.999999999999773 -0.000400000000000047
2031 1.134 7.2031 1.00000000000045 -0.000300000000000053
2032 1.172 7.2027 0.999999999999773 -0.000400000000000047
2033 1.21 7.2023 1 -0.000399999999999956
2034 1.247 7.2019 0.999999999999773 -0.000400000000000047
2035 1.284 7.2015 1.00000000000045 -0.000399999999999774
2036 1.32 7.2011 0.999999999999773 -0.000400000000000047
2037 1.357 7.2007 1 -0.000399999999999956
2038 1.392 7.2002 0.999999999999773 -0.000500000000000725
2039 1.428 7.1998 1.00000000000045 -0.000399999999999774
2040 1.463 7.1993 0.999999999999773 -0.000499999999999837
2041 1.498 7.1988 1 -0.000499999999999723
2042 1.532 7.1983 0.999999999999773 -0.000500000000000725
2043 1.566 7.1978 1.00000000000045 -0.000499999999999496
2044 1.6 7.1973 0.999999999999773 -0.000499999999999837
2045 1.633 7.1968 1 -0.000500000000000611
2046 1.666 7.1962 0.999999999999773 -0.000599999999999626
2047 1.699 7.1957 1.00000000000045 -0.000499999999999496
2048 1.731 7.1951 0.999999999999773 -0.000600000000000514
2049 1.763 7.1945 1 -0.000600000000000378
2050 1.795 7.1939 1 -0.00059999999999949
2051 1.826 7.1933 1 -0.000600000000000378
2052 1.858 7.1927 1 -0.00059999999999949
2053 1.888 7.1921 1 -0.000600000000000378
2054 1.919 7.1914 1 -0.000700000000000145
2055 1.949 7.1908 1 -0.00059999999999949
2056 1.979 7.1901 1 -0.000700000000000145
2057 2.009 7.1894 1 -0.000700000000000145
2058 2.038 7.1887 1 -0.000700000000000145
2059 2.067 7.188 1 -0.000700000000000145
2060 2.096 7.1873 1 -0.000700000000000145
2061 2.124 7.1865 1 -0.000799999999999912
2062 2.152 7.1858 1 -0.000699999999999257
2063 2.18 7.185 1 -0.0008000000000008
2064 2.208 7.1842 1 -0.000799999999999912
2065 2.235 7.1835 1 -0.000699999999999257
2066 2.262 7.1827 1 -0.0008000000000008
2067 2.289 7.1818 1 -0.000899999999999679
2068 2.315 7.181 1 -0.000799999999999912
2069 2.342 7.1802 1 -0.000799999999999912
2070 2.368 7.1793 1 -0.000900000000000567
2071 2.393 7.1784 1 -0.000899999999999679
2072 2.419 7.1775 1 -0.000899999999999679
2073 2.444 7.1766 1 -0.000900000000000567
2074 2.469 7.1757 1 -0.000899999999999679
2075 2.494 7.1747 1 -0.00100000000000033
2076 2.518 7.1737 1 -0.000999999999999446
2077 2.542 7.1728 1 -0.000900000000000567
2078 2.566 7.1718 1 -0.000999999999999446
2079 2.59 7.1708 1 -0.00100000000000033
2080 2.614 7.1698 1 -0.000999999999999446
2081 2.637 7.1687 1 -0.0011000000000001
2082 2.66 7.1677 1 -0.00100000000000033
2083 2.683 7.1667 1 -0.00100000000000033
2084 2.705 7.1656 1 -0.00109999999999921
2085 2.728 7.1645 1 -0.0011000000000001
2086 2.75 7.1635 1 -0.00100000000000033
2087 2.772 7.1624 1 -0.0011000000000001
2088 2.794 7.1613 1 -0.0011000000000001
2089 2.815 7.1601 1 -0.00119999999999987
2090 2.836 7.159 1 -0.0011000000000001
2091 2.857 7.1579 1 -0.0011000000000001
2092 2.878 7.1568 1 -0.0011000000000001
2093 2.899 7.1556 1 -0.00119999999999987
2094 2.919 7.1545 1 -0.0011000000000001
2095 2.94 7.1533 1 -0.00119999999999987
2096 2.96 7.1521 1 -0.00119999999999987
2097 2.979 7.151 1 -0.0011000000000001
2098 2.999 7.1498 1 -0.00119999999999987
2099 3.019 7.1486 1 -0.00119999999999987
2100 3.038 7.1473 1 -0.00129999999999963
2101 3.057 7.1461 1 -0.00120000000000076
2102 3.076 7.1449 1 -0.00119999999999987
2103 3.094 7.1437 1 -0.00119999999999987
2104 3.113 7.1424 1 -0.00129999999999963
2105 3.131 7.1412 1 -0.00119999999999987
2106 3.149 7.1399 1 -0.00130000000000052
2107 3.167 7.1386 1 -0.00129999999999963
2108 3.185 7.1374 1 -0.00119999999999987
2109 3.203 7.1361 1 -0.00130000000000052
2110 3.22 7.1347 1 -0.00140000000000029
2111 3.237 7.1334 1 -0.00129999999999963
2112 3.254 7.1321 1 -0.00129999999999963
2113 3.271 7.1308 1 -0.00130000000000052
2114 3.288 7.1294 1 -0.0013999999999994
2115 3.305 7.1281 1 -0.00130000000000052
2116 3.321 7.1268 1 -0.00129999999999963
2117 3.337 7.1254 1 -0.00140000000000029
2118 3.353 7.1241 1 -0.00129999999999963
2119 3.369 7.1227 1 -0.00140000000000029
2120 3.385 7.1213 1 -0.00140000000000029
2121 3.401 7.12 1 -0.00129999999999963
2122 3.416 7.1185 1 -0.00150000000000006
2123 3.431 7.1171 1 -0.00140000000000029
2124 3.447 7.1157 1 -0.0013999999999994
2125 3.462 7.1143 1 -0.00140000000000029
2126 3.476 7.1128 1 -0.00150000000000006
2127 3.491 7.1114 1 -0.00140000000000029
2128 3.506 7.1099 1 -0.00150000000000006
2129 3.52 7.1084 1 -0.00150000000000006
2130 3.534 7.107 1 -0.0013999999999994
2131 3.548 7.1055 1 -0.00150000000000006
2132 3.562 7.104 1 -0.00150000000000006
2133 3.576 7.1025 1 -0.00150000000000006
2134 3.59 7.101 1 -0.00150000000000006
2135 3.604 7.0995 1 -0.00150000000000006
2136 3.617 7.098 1 -0.00150000000000006
2137 3.63 7.0965 1 -0.00150000000000006
2138 3.643 7.0949 1 -0.00159999999999982
2139 3.656 7.0934 1 -0.00150000000000006
2140 3.669 7.0918 1 -0.00159999999999982
2141 3.682 7.0903 1 -0.00150000000000006
2142 3.695 7.0887 1 -0.00159999999999982
2143 3.707 7.0871 1 -0.00159999999999982
2144 3.72 7.0855 1 -0.00160000000000071
2145 3.732 7.0839 1 -0.00159999999999982
2146 3.744 7.0823 1 -0.00159999999999982
2147 3.756 7.0807 1 -0.00159999999999982
2148 3.768 7.0791 1 -0.00159999999999982
2149 3.78 7.0774 1 -0.00170000000000048
2150 3.792 7.0758 1 -0.00159999999999982
2151 3.803 7.0741 1 -0.00170000000000048
2152 3.815 7.0724 1 -0.00169999999999959
2153 3.826 7.0708 1 -0.00159999999999982
2154 3.837 7.0691 1 -0.00170000000000048
2155 3.848 7.0674 1 -0.00169999999999959
2156 3.859 7.0656 1 -0.00180000000000025
2157 3.87 7.0639 1 -0.00169999999999959
2158 3.881 7.0622 1 -0.00170000000000048
2159 3.892 7.0604 1 -0.00180000000000025
2160 3.902 7.0587 1 -0.00169999999999959
2161 3.913 7.0569 1 -0.00180000000000025
2162 3.923 7.0552 1 -0.00169999999999959
2163 3.933 7.0534 1 -0.00180000000000025
2164 3.943 7.0517 1 -0.00169999999999959
2165 3.953 7.0499 1 -0.00180000000000025
2166 3.963 7.0481 1 -0.00180000000000025
2167 3.973 7.0463 1 -0.00180000000000025
2168 3.983 7.0445 1 -0.00179999999999936
2169 3.993 7.0427 1 -0.00180000000000025
2170 4.002 7.0409 1 -0.00180000000000025
2171 4.012 7.0391 1 -0.00179999999999936
2172 4.021 7.0373 1 -0.00180000000000025
2173 4.03 7.0355 1 -0.00180000000000025
2174 4.039 7.0337 1 -0.00180000000000025
2175 4.049 7.0319 1 -0.00179999999999936
2176 4.058 7.0301 1 -0.00180000000000025
2177 4.066 7.0283 1 -0.00180000000000025
2178 4.075 7.0264 1 -0.00190000000000001
2179 4.084 7.0246 1 -0.00179999999999936
2180 4.093 7.0228 1 -0.00180000000000025
2181 4.101 7.021 1 -0.00180000000000025
2182 4.11 7.0192 1 -0.00180000000000025
2183 4.118 7.0173 1 -0.00190000000000001
2184 4.126 7.0155 1 -0.00179999999999936
2185 4.135 7.0136 1 -0.00190000000000001
2186 4.143 7.0118 1 -0.00180000000000025
2187 4.151 7.01 1 -0.00180000000000025
2188 4.159 7.0082 1 -0.00179999999999936
2189 4.167 7.0063 1 -0.00190000000000001
2190 4.175 7.0045 1 -0.00180000000000025
2191 4.182 7.0026 1 -0.00190000000000001
2192 4.19 7.0007 1 -0.00190000000000001
2193 4.198 6.9989 1 -0.00180000000000025
2194 4.205 6.997 1 -0.00190000000000001
2195 4.213 6.9952 1 -0.00180000000000025
2196 4.22 6.9933 1 -0.00190000000000001
2197 4.227 6.9915 1 -0.00179999999999936
2198 4.235 6.9896 1 -0.00190000000000001
2199 4.242 6.9877 1 -0.00190000000000001
2200 4.249 6.9859 1 -0.00180000000000025
2201 4.256 6.984 1 -0.00190000000000001
2202 4.263 6.9821 1 -0.00190000000000001
2203 4.27 6.9801 1 -0.00199999999999978
2204 4.276 6.9782 1 -0.00190000000000001
2205 4.283 6.9763 1 -0.00190000000000001
2206 4.29 6.9744 1 -0.00190000000000001
2207 4.296 6.9725 1 -0.00190000000000001
2208 4.303 6.9706 1 -0.00190000000000001
2209 4.309 6.9687 1 -0.00190000000000001
2210 4.316 6.9668 1 -0.00190000000000001
2211 4.322 6.9649 1 -0.00190000000000001
2212 4.328 6.9631 1 -0.00180000000000025
2213 4.335 6.9612 1 -0.00190000000000001
2214 4.341 6.9593 1 -0.00190000000000001
2215 4.347 6.9574 1 -0.00190000000000001
2216 4.353 6.9556 1 -0.00180000000000025
2217 4.359 6.9537 1 -0.00189999999999912
2218 4.365 6.9518 1 -0.00190000000000001
2219 4.371 6.9499 1 -0.00190000000000001
2220 4.376 6.948 1 -0.00190000000000001
2221 4.382 6.9461 1 -0.00190000000000001
2222 4.388 6.9442 1 -0.00190000000000001
2223 4.394 6.9423 1 -0.00190000000000001
2224 4.399 6.9404 1 -0.00190000000000001
2225 4.405 6.9385 1 -0.00190000000000001
2226 4.41 6.9366 1 -0.00190000000000001
2227 4.416 6.9346 1 -0.00200000000000067
2228 4.421 6.9327 1 -0.00190000000000001
2229 4.426 6.9308 1 -0.00190000000000001
2230 4.431 6.9289 1 -0.00190000000000001
2231 4.437 6.927 1 -0.00190000000000001
2232 4.442 6.9251 1 -0.00190000000000001
2233 4.447 6.9231 1 -0.00199999999999978
2234 4.452 6.9212 1 -0.00190000000000001
2235 4.457 6.9193 1 -0.00190000000000001
2236 4.462 6.9174 1 -0.00190000000000001
2237 4.467 6.9154 1 -0.00199999999999978
2238 4.472 6.9135 1 -0.00190000000000001
2239 4.476 6.9116 1 -0.00190000000000001
2240 4.481 6.9096 1 -0.00199999999999978
2241 4.486 6.9077 1 -0.00190000000000001
2242 4.49 6.9057 1 -0.00199999999999978
2243 4.495 6.9038 1 -0.00190000000000001
2244 4.5 6.9018 1 -0.00200000000000067
2245 4.504 6.8999 1 -0.00190000000000001
2246 4.509 6.8979 1 -0.00199999999999978
2247 4.513 6.8959 1 -0.00199999999999978
2248 4.517 6.8939 1 -0.00199999999999978
2249 4.522 6.892 1 -0.00190000000000001
2250 4.526 6.89 1 -0.00200000000000067
2251 4.53 6.888 1 -0.00199999999999978
2252 4.535 6.8861 1 -0.00190000000000001
2253 4.539 6.8841 1 -0.00199999999999978
2254 4.543 6.8821 1 -0.00199999999999978
2255 4.547 6.8802 1 -0.00190000000000001
2256 4.551 6.8782 1 -0.00200000000000067
2257 4.555 6.8762 1 -0.00199999999999978
2258 4.559 6.8743 1 -0.00190000000000001
2259 4.563 6.8723 1 -0.00199999999999978
2260 4.567 6.8703 1 -0.00199999999999978
2261 4.571 6.8683 1 -0.00200000000000067
2262 4.574 6.8663 1 -0.00199999999999978
2263 4.578 6.8644 1 -0.00190000000000001
2264 4.582 6.8624 1 -0.00199999999999978
2265 4.586 6.8604 1 -0.00199999999999978
2266 4.589 6.8584 1 -0.00200000000000067
2267 4.593 6.8564 1 -0.00199999999999978
2268 4.596 6.8545 1 -0.00190000000000001
2269 4.6 6.8525 1 -0.00199999999999978
2270 4.604 6.8505 1 -0.00199999999999978
2271 4.607 6.8486 1 -0.00190000000000001
2272 4.61 6.8466 1 -0.00200000000000067
2273 4.614 6.8446 1 -0.00199999999999978
2274 4.617 6.8426 1 -0.00199999999999978
2275 4.621 6.8406 1 -0.00199999999999978
2276 4.624 6.8387 1 -0.00190000000000001
2277 4.627 6.8367 1 -0.00199999999999978
2278 4.63 6.8348 1 -0.00190000000000001
2279 4.634 6.8328 1 -0.00200000000000067
2280 4.637 6.8309 1 -0.00190000000000001
2281 4.64 6.8289 1 -0.00199999999999978
2282 4.643 6.8269 1 -0.00199999999999978
2283 4.646 6.825 1 -0.00190000000000001
2284 4.649 6.823 1 -0.00199999999999978
2285 4.652 6.8211 1 -0.00190000000000001
2286 4.655 6.8191 1 -0.00200000000000067
2287 4.658 6.8172 1 -0.00190000000000001
2288 4.661 6.8152 1 -0.00199999999999978
2289 4.664 6.8133 1 -0.00190000000000001
2290 4.667 6.8113 1 -0.00199999999999978
2291 4.67 6.8094 1 -0.00190000000000001
2292 4.673 6.8074 1 -0.00199999999999978
2293 4.675 6.8055 1 -0.00190000000000001
2294 4.678 6.8035 1 -0.00200000000000067
2295 4.681 6.8015 1 -0.00199999999999978
2296 4.684 6.7995 1 -0.00199999999999978
2297 4.686 6.7976 1 -0.00190000000000001
2298 4.689 6.7956 1 -0.00199999999999978
2299 4.692 6.7937 1 -0.00190000000000001
2300 4.694 6.7917 1 -0.00200000000000067
2301 4.697 6.7897 1 -0.00199999999999978
2302 4.699 6.7878 1 -0.00190000000000001
2303 4.702 6.7858 1 -0.00199999999999978
2304 4.704 6.7838 1 -0.00199999999999978
2305 4.707 6.7819 1 -0.00190000000000001
2306 4.709 6.7799 1 -0.00200000000000067
2307 4.712 6.7779 1 -0.00199999999999978
2308 4.714 6.776 1 -0.00190000000000001
2309 4.717 6.774 1 -0.00199999999999978
2310 4.719 6.772 1 -0.00199999999999978
2311 4.721 6.7701 1 -0.00190000000000001
2312 4.724 6.7681 1 -0.00200000000000067
2313 4.726 6.7661 1 -0.00199999999999978
2314 4.728 6.7641 1 -0.00199999999999978
2315 4.73 6.7622 1 -0.00190000000000001
2316 4.733 6.7602 1 -0.00199999999999978
2317 4.735 6.7582 1 -0.00199999999999978
2318 4.737 6.7562 1 -0.00200000000000067
2319 4.739 6.7543 1 -0.00190000000000001
2320 4.741 6.7523 1 -0.00199999999999978
2321 4.743 6.7503 1 -0.00199999999999978
2322 4.745 6.7483 1 -0.00199999999999978
2323 4.748 6.7463 1 -0.00200000000000067
2324 4.75 6.7443 1 -0.00199999999999978
2325 4.752 6.7423 1 -0.00199999999999978
2326 4.754 6.7403 1 -0.00199999999999978
2327 4.756 6.7383 1 -0.00200000000000067
2328 4.758 6.7363 1 -0.00199999999999978
2329 4.76 6.7344 1 -0.00190000000000001
2330 4.761 6.7324 1 -0.00199999999999978
2331 4.763 6.7304 1 -0.00199999999999978
2332 4.765 6.7284 1 -0.00200000000000067
2333 4.767 6.7264 1 -0.00199999999999978
2334 4.769 6.7244 1 -0.00199999999999978
2335 4.771 6.7224 1 -0.00199999999999978
2336 4.773 6.7203 1 -0.00210000000000043
2337 4.774 6.7183 1 -0.00199999999999978
2338 4.776 6.7163 1 -0.00199999999999978
2339 4.778 6.7143 1 -0.00200000000000067
2340 4.78 6.7123 1 -0.00199999999999978
2341 4.781 6.7103 1 -0.00199999999999978
2342 4.783 6.7082 1 -0.00210000000000043
2343 4.785 6.7062 1 -0.00199999999999978
2344 4.787 6.7042 1 -0.00199999999999978
2345 4.788 6.7022 1 -0.00199999999999978
2346 4.79 6.7002 1 -0.00200000000000067
2347 4.791 6.6981 1 -0.00209999999999955
2348 4.793 6.6961 1 -0.00199999999999978
2349 4.795 6.6941 1 -0.00200000000000067
2350 4.796 6.6921 1 -0.00199999999999978
2351 4.798 6.6901 1 -0.00199999999999978
2352 4.799 6.688 1 -0.00210000000000043
2353 4.801 6.686 1 -0.00199999999999978
2354 4.802 6.684 1 -0.00199999999999978
2355 4.804 6.682 1 -0.00199999999999978
2356 4.805 6.6799 1 -0.00210000000000043
2357 4.807 6.6779 1 -0.00199999999999978
2358 4.808 6.6759 1 -0.00199999999999978
2359 4.81 6.6739 1 -0.00200000000000067
2360 4.811 6.6719 1 -0.00199999999999978
2361 4.813 6.6698 1 -0.00209999999999955
2362 4.814 6.6678 1 -0.00200000000000067
2363 4.815 6.6658 1 -0.00199999999999978
2364 4.817 6.6637 1 -0.00209999999999955
2365 4.818 6.6617 1 -0.00200000000000067
2366 4.819 6.6597 1 -0.00199999999999978
2367 4.821 6.6576 1 -0.00209999999999955
2368 4.822 6.6556 1 -0.00200000000000067
2369 4.823 6.6535 1 -0.00209999999999955
2370 4.825 6.6515 1 -0.00199999999999978
2371 4.826 6.6495 1 -0.00200000000000067
2372 4.827 6.6475 1 -0.00199999999999978
2373 4.829 6.6454 1 -0.00209999999999955
2374 4.83 6.6434 1 -0.00200000000000067
2375 4.831 6.6414 1 -0.00199999999999978
2376 4.832 6.6393 1 -0.00209999999999955
2377 4.833 6.6373 1 -0.00200000000000067
2378 4.835 6.6353 1 -0.00199999999999978
2379 4.836 6.6332 1 -0.00209999999999955
2380 4.837 6.6312 1 -0.00200000000000067
2381 4.838 6.6291 1 -0.00209999999999955
2382 4.839 6.6271 1 -0.00199999999999978
2383 4.84 6.6251 1 -0.00200000000000067
2384 4.842 6.623 1 -0.00209999999999955
2385 4.843 6.621 1 -0.00199999999999978
2386 4.844 6.6189 1 -0.00210000000000043
2387 4.845 6.6169 1 -0.00199999999999978
2388 4.846 6.6148 1 -0.00210000000000043
2389 4.847 6.6128 1 -0.00199999999999978
2390 4.848 6.6107 1 -0.00210000000000043
2391 4.849 6.6087 1 -0.00199999999999978
2392 4.85 6.6066 1 -0.00209999999999955
2393 4.851 6.6045 1 -0.00210000000000043
2394 4.852 6.6025 1 -0.00199999999999978
2395 4.853 6.6004 1 -0.00210000000000043
2396 4.854 6.5984 1 -0.00199999999999978
2397 4.855 6.5964 1 -0.00199999999999978
2398 4.856 6.5943 1 -0.00210000000000043
2399 4.857 6.5923 1 -0.00199999999999978
2400 4.858 6.5902 1 -0.00209999999999955
2401 4.859 6.5882 1 -0.00200000000000067
2402 4.86 6.5861 1 -0.00209999999999955
2403 4.861 6.5841 1 -0.00199999999999978
2404 4.862 6.582 1 -0.00210000000000043
2405 4.863 6.5799 1 -0.00209999999999955
2406 4.864 6.5779 1 -0.00200000000000067
2407 4.865 6.5758 1 -0.00209999999999955
2408 4.865 6.5738 1 -0.00199999999999978
2409 4.866 6.5717 1 -0.00210000000000043
2410 4.867 6.5696 1 -0.00209999999999955
2411 4.868 6.5675 1 -0.00210000000000043
2412 4.869 6.5655 1 -0.00199999999999978
2413 4.87 6.5634 1 -0.00210000000000043
2414 4.871 6.5613 1 -0.00209999999999955
2415 4.871 6.5593 1 -0.00199999999999978
2416 4.872 6.5572 1 -0.00210000000000043
2417 4.873 6.5552 1 -0.00199999999999978
2418 4.874 6.5531 1 -0.00210000000000043
2419 4.875 6.551 1 -0.00209999999999955
2420 4.875 6.549 1 -0.00199999999999978
2421 4.876 6.5469 1 -0.00210000000000043
2422 4.877 6.5449 1 -0.00199999999999978
2423 4.878 6.5428 1 -0.00210000000000043
2424 4.878 6.5407 1 -0.00209999999999955
2425 4.879 6.5387 1 -0.00199999999999978
2426 4.88 6.5366 1 -0.00210000000000043
2427 4.881 6.5346 1 -0.00199999999999978
2428 4.881 6.5325 1 -0.00210000000000043
2429 4.882 6.5305 1 -0.00199999999999978
2430 4.883 6.5284 1 -0.00209999999999955
2431 4.884 6.5264 1 -0.00200000000000067
2432 4.884 6.5243 1 -0.00209999999999955
2433 4.885 6.5222 1 -0.00210000000000043
2434 4.886 6.5202 1 -0.00199999999999978
2435 4.886 6.5181 1 -0.00210000000000043
2436 4.887 6.516 1 -0.00209999999999955
2437 4.888 6.514 1 -0.00199999999999978
2438 4.888 6.5119 1 -0.00210000000000043
2439 4.889 6.5099 1 -0.00199999999999978
2440 4.89 6.5078 1 -0.00210000000000043
2441 4.89 6.5057 1 -0.00209999999999955
2442 4.891 6.5037 1 -0.00199999999999978
2443 4.891 6.5016 1 -0.00210000000000043
2444 4.892 6.4995 1 -0.00209999999999955
2445 4.893 6.4975 1 -0.00200000000000067
2446 4.893 6.4954 1 -0.00209999999999955
2447 4.894 6.4933 1 -0.00210000000000043
2448 4.894 6.4913 1 -0.00199999999999978
2449 4.895 6.4892 1 -0.00209999999999955
2450 4.896 6.4871 1 -0.00210000000000043
2451 4.896 6.4851 1 -0.00199999999999978
2452 4.897 6.483 1 -0.00210000000000043
2453 4.897 6.4809 1 -0.00209999999999955
2454 4.898 6.4788 1 -0.00210000000000043
2455 4.898 6.4768 1 -0.00199999999999978
2456 4.899 6.4747 1 -0.00209999999999955
2457 4.9 6.4727 1 -0.00200000000000067
2458 4.9 6.4706 1 -0.00209999999999955
2459 4.901 6.4686 1 -0.00199999999999978
2460 4.901 6.4665 1 -0.00210000000000043
2461 4.902 6.4644 1 -0.00209999999999955
2462 4.902 6.4624 1 -0.00200000000000067
2463 4.903 6.4603 1 -0.00209999999999955
2464 4.903 6.4583 1 -0.00199999999999978
2465 4.904 6.4562 1 -0.00210000000000043
2466 4.904 6.4541 1 -0.00209999999999955
2467 4.905 6.4521 1 -0.00200000000000067
2468 4.905 6.45 1 -0.00209999999999955
2469 4.906 6.4479 1 -0.00210000000000043
2470 4.906 6.4459 1 -0.00199999999999978
2471 4.907 6.4438 1 -0.00209999999999955
2472 4.907 6.4418 1 -0.00200000000000067
2473 4.908 6.4397 1 -0.00209999999999955
2474 4.908 6.4377 1 -0.00199999999999978
2475 4.908 6.4356 1 -0.00210000000000043
2476 4.909 6.4336 1 -0.00199999999999978
2477 4.909 6.4315 1 -0.00210000000000043
2478 4.91 6.4294 1 -0.00209999999999955
2479 4.91 6.4274 1 -0.00200000000000067
2480 4.911 6.4253 1 -0.00209999999999955
2481 4.911 6.4233 1 -0.00199999999999978
2482 4.911 6.4213 1 -0.00200000000000067
2483 4.912 6.4192 1 -0.00209999999999955
2484 4.912 6.4172 1 -0.00199999999999978
2485 4.913 6.4151 1 -0.00210000000000043
2486 4.913 6.4131 1 -0.00199999999999978
2487 4.914 6.411 1 -0.00210000000000043
2488 4.914 6.409 1 -0.00199999999999978
2489 4.914 6.4069 1 -0.00209999999999955
2490 4.915 6.4049 1 -0.00200000000000067
2491 4.915 6.4029 1 -0.00199999999999978
2492 4.915 6.4008 1 -0.00209999999999955
2493 4.916 6.3988 1 -0.00200000000000067
2494 4.916 6.3967 1 -0.00209999999999955
2495 4.917 6.3947 1 -0.00199999999999978
2496 4.917 6.3927 1 -0.00200000000000067
2497 4.917 6.3906 1 -0.00209999999999955
2498 4.918 6.3886 1 -0.00199999999999978
2499 4.918 6.3866 1 -0.00200000000000067
2500 4.918 6.3845 1 -0.00209999999999955
2501 4.919 6.3825 1 -0.00199999999999978
2502 4.919 6.3805 1 -0.00200000000000067
2503 4.919 6.3784 1 -0.00209999999999955
2504 4.92 6.3764 1 -0.00199999999999978
2505 4.92 6.3744 1 -0.00200000000000067
2506 4.92 6.3724 1 -0.00199999999999978
2507 4.921 6.3704 1 -0.00199999999999978
2508 4.921 6.3684 1 -0.00199999999999978
2509 4.921 6.3663 1 -0.00210000000000043
2510 4.922 6.3643 1 -0.00199999999999978
2511 4.922 6.3623 1 -0.00199999999999978
2512 4.922 6.3603 1 -0.00200000000000067
2513 4.923 6.3583 1 -0.00199999999999978
2514 4.923 6.3563 1 -0.00199999999999978
2515 4.923 6.3543 1 -0.00199999999999978
2516 4.924 6.3523 1 -0.00200000000000067
2517 4.924 6.3503 1 -0.00199999999999978
2518 4.924 6.3483 1 -0.00199999999999978
2519 4.924 6.3463 1 -0.00199999999999978
2520 4.925 6.3443 1 -0.00200000000000067
2521 4.925 6.3423 1 -0.00199999999999978
2522 4.925 6.3404 1 -0.00190000000000001
2523 4.926 6.3384 1 -0.00199999999999978
2524 4.926 6.3364 1 -0.00199999999999978
2525 4.926 6.3344 1 -0.00200000000000067
2526 4.926 6.3325 1 -0.00190000000000001
2527 4.927 6.3305 1 -0.00199999999999978
2528 4.927 6.3285 1 -0.00199999999999978
2529 4.927 6.3265 1 -0.00199999999999978
2530 4.928 6.3246 1 -0.00190000000000001
2531 4.928 6.3226 1 -0.00199999999999978
2532 4.928 6.3206 1 -0.00200000000000067
2533 4.928 6.3187 1 -0.00190000000000001
2534 4.929 6.3167 1 -0.00199999999999978
2535 4.929 6.3147 1 -0.00199999999999978
2536 4.929 6.3127 1 -0.00199999999999978
2537 4.929 6.3108 1 -0.00190000000000001
2538 4.93 6.3088 1 -0.00200000000000067
2539 4.93 6.3068 1 -0.00199999999999978
2540 4.93 6.3048 1 -0.00199999999999978
2541 4.93 6.3028 1 -0.00199999999999978
2542 4.93 6.3008 1 -0.00200000000000067
2543 4.931 6.2989 1 -0.00190000000000001
2544 4.931 6.2969 1 -0.00199999999999978
2545 4.931 6.2949 1 -0.00199999999999978
2546 4.931 6.2929 1 -0.00199999999999978
2547 4.932 6.2909 1 -0.00200000000000067
2548 4.932 6.289 1 -0.00190000000000001
2549 4.932 6.287 1 -0.00199999999999978
2550 4.932 6.285 1 -0.00199999999999978
2551 4.932 6.283 1 -0.00199999999999978
2552 4.933 6.2811 1 -0.00190000000000001
2553 4.933 6.2791 1 -0.00200000000000067
2554 4.933 6.2771 1 -0.00199999999999978
2555 4.933 6.2751 1 -0.00199999999999978
2556 4.933 6.2731 1 -0.00199999999999978
2557 4.934 6.2712 1 -0.00190000000000001
2558 4.934 6.2692 1 -0.00200000000000067
2559 4.934 6.2672 1 -0.00199999999999978
2560 4.934 6.2652 1 -0.00199999999999978
2561 4.934 6.2632 1 -0.00199999999999978
2562 4.935 6.2613 1 -0.00190000000000001
2563 4.935 6.2593 1 -0.00200000000000067
2564 4.935 6.2573 1 -0.00199999999999978
2565 4.935 6.2553 1 -0.00199999999999978
2566 4.935 6.2533 1 -0.00199999999999978
2567 4.936 6.2514 1 -0.00190000000000001
2568 4.936 6.2494 1 -0.00200000000000067
2569 4.936 6.2474 1 -0.00199999999999978
2570 4.936 6.2454 1 -0.00199999999999978
2571 4.936 6.2434 1 -0.00199999999999978
2572 4.936 6.2414 1 -0.00200000000000067
2573 4.937 6.2394 1 -0.00199999999999978
2574 4.937 6.2375 1 -0.00190000000000001
2575 4.937 6.2355 1 -0.00199999999999978
2576 4.937 6.2335 1 -0.00199999999999978
2577 4.937 6.2315 1 -0.00200000000000067
2578 4.937 6.2295 1 -0.00199999999999978
2579 4.938 6.2275 1 -0.00199999999999978
2580 4.938 6.2256 1 -0.00190000000000001
2581 4.938 6.2236 1 -0.00199999999999978
2582 4.938 6.2216 1 -0.00200000000000067
2583 4.938 6.2196 1 -0.00199999999999978
2584 4.938 6.2177 1 -0.00190000000000001
2585 4.939 6.2157 1 -0.00199999999999978
2586 4.939 6.2137 1 -0.00199999999999978
2587 4.939 6.2118 1 -0.00190000000000001
2588 4.939 6.2098 1 -0.00199999999999978
2589 4.939 6.2078 1 -0.00200000000000067
2590 4.939 6.2058 1 -0.00199999999999978
2591 4.939 6.2038 1 -0.00199999999999978
2592 4.94 6.2018 1 -0.00199999999999978
2593 4.94 6.1999 1 -0.00190000000000001
2594 4.94 6.1979 1 -0.00200000000000067
2595 4.94 6.1959 1 -0.00199999999999978
2596 4.94 6.1939 1 -0.00199999999999978
2597 4.94 6.192 1 -0.00190000000000001
2598 4.94 6.19 1 -0.00199999999999978
2599 4.94 6.188 1 -0.00200000000000067
2600 4.941 6.186 1 -0.00199999999999978
2601 4.941 6.184 1 -0.00199999999999978
2602 4.941 6.182 1 -0.00199999999999978
2603 4.941 6.18 1 -0.00200000000000067
2604 4.941 6.178 1 -0.00199999999999978
2605 4.941 6.176 1 -0.00199999999999978
2606 4.941 6.174 1 -0.00199999999999978
2607 4.941 6.172 1 -0.00200000000000067
2608 4.942 6.17 1 -0.00199999999999978
2609 4.942 6.168 1 -0.00199999999999978
2610 4.942 6.166 1 -0.00199999999999978
2611 4.942 6.1639 1 -0.00210000000000043
2612 4.942 6.1619 1 -0.00199999999999978
2613 4.942 6.1599 1 -0.00199999999999978
2614 4.942 6.1579 1 -0.00200000000000067
2615 4.942 6.1559 1 -0.00199999999999978
2616 4.943 6.1539 1 -0.00199999999999978
2617 4.943 6.1519 1 -0.00199999999999978
2618 4.943 6.1499 1 -0.00200000000000067
2619 4.943 6.1479 1 -0.00199999999999978
2620 4.943 6.1458 1 -0.00209999999999955
2621 4.943 6.1438 1 -0.00200000000000067
2622 4.943 6.1418 1 -0.00199999999999978
2623 4.943 6.1398 1 -0.00199999999999978
2624 4.943 6.1378 1 -0.00199999999999978
2625 4.943 6.1358 1 -0.00200000000000067
2626 4.944 6.1338 1 -0.00199999999999978
2627 4.944 6.1318 1 -0.00199999999999978
2628 4.944 6.1297 1 -0.00210000000000043
2629 4.944 6.1277 1 -0.00199999999999978
2630 4.944 6.1257 1 -0.00199999999999978
2631 4.944 6.1237 1 -0.00199999999999978
2632 4.944 6.1217 1 -0.00200000000000067
2633 4.944 6.1197 1 -0.00199999999999978
2634 4.944 6.1177 1 -0.00199999999999978
2635 4.944 6.1157 1 -0.00199999999999978
2636 4.944 6.1137 1 -0.00200000000000067
2637 4.945 6.1117 1 -0.00199999999999978
2638 4.945 6.1097 1 -0.00199999999999978
2639 4.945 6.1077 1 -0.00199999999999978
2640 4.945 6.1057 1 -0.00200000000000067
2641 4.945 6.1037 1 -0.00199999999999978
2642 4.945 6.1017 1 -0.00199999999999978
2643 4.945 6.0997 1 -0.00199999999999978
2644 4.945 6.0977 1 -0.00200000000000067
2645 4.945 6.0956 1 -0.00209999999999955
2646 4.945 6.0936 1 -0.00199999999999978
2647 4.945 6.0916 1 -0.00200000000000067
2648 4.946 6.0896 1 -0.00199999999999978
2649 4.946 6.0876 1 -0.00199999999999978
2650 4.946 6.0856 1 -0.00199999999999978
2651 4.946 6.0837 1 -0.00190000000000001
2652 4.946 6.0817 1 -0.00200000000000067
2653 4.946 6.0797 1 -0.00199999999999978
2654 4.946 6.0777 1 -0.00199999999999978
2655 4.946 6.0757 1 -0.00199999999999978
2656 4.946 6.0737 1 -0.00200000000000067
2657 4.946 6.0717 1 -0.00199999999999978
2658 4.946 6.0697 1 -0.00199999999999978
2659 4.946 6.0677 1 -0.00199999999999978
2660 4.946 6.0657 1 -0.00200000000000067
2661 4.946 6.0637 1 -0.00199999999999978
2662 4.947 6.0617 1 -0.00199999999999978
2663 4.947 6.0597 1 -0.00199999999999978
2664 4.947 6.0576 1 -0.00210000000000043
2665 4.947 6.0556 1 -0.00199999999999978
2666 4.947 6.0536 1 -0.00199999999999978
2667 4.947 6.0516 1 -0.00200000000000067
2668 4.947 6.0496 1 -0.00199999999999978
2669 4.947 6.0476 1 -0.00199999999999978
2670 4.947 6.0455 1 -0.00210000000000043
2671 4.947 6.0435 1 -0.00199999999999978
2672 4.947 6.0415 1 -0.00199999999999978
2673 4.947 6.0395 1 -0.00199999999999978
2674 4.947 6.0375 1 -0.00200000000000067
2675 4.947 6.0355 1 -0.00199999999999978
2676 4.947 6.0335 1 -0.00199999999999978
2677 4.948 6.0315 1 -0.00199999999999978
2678 4.948 6.0295 1 -0.00200000000000067
2679 4.948 6.0275 1 -0.00199999999999978
2680 4.948 6.0255 1 -0.00199999999999978
2681 4.948 6.0235 1 -0.00199999999999978
2682 4.948 6.0214 1 -0.00210000000000043
2683 4.948 6.0194 1 -0.00199999999999978
2684 4.948 6.0174 1 -0.00199999999999978
2685 4.948 6.0154 1 -0.00200000000000067
2686 4.948 6.0134 1 -0.00199999999999978
2687 4.948 6.0114 1 -0.00199999999999978
2688 4.948 6.0094 1 -0.00199999999999978
2689 4.948 6.0074 1 -0.00200000000000067
2690 4.948 6.0054 1 -0.00199999999999978
2691 4.948 6.0034 1 -0.00199999999999978
2692 4.948 6.0014 1 -0.00199999999999978
2693 4.948 5.9994 1 -0.00200000000000067
2694 4.948 5.9974 1 -0.00199999999999978
2695 4.949 5.9954 1 -0.00199999999999978
2696 4.949 5.9934 1 -0.00199999999999978
2697 4.949 5.9914 1 -0.00200000000000067
2698 4.949 5.9893 1 -0.00209999999999955
2699 4.949 5.9873 1 -0.00199999999999978
2700 4.949 5.9853 1 -0.00200000000000067
2701 4.949 5.9833 1 -0.00199999999999978
2702 4.949 5.9813 1 -0.00199999999999978
2703 4.949 5.9792 1 -0.00210000000000043
2704 4.949 5.9772 1 -0.00199999999999978
2705 4.949 5.9752 1 -0.00199999999999978
2706 4.949 5.9732 1 -0.00199999999999978
2707 4.949 5.9711 1 -0.00210000000000043
2708 4.949 5.9691 1 -0.00199999999999978
2709 4.949 5.967 1 -0.00210000000000043
2710 4.949 5.965 1 -0.00199999999999978
2711 4.949 5.963 1 -0.00199999999999978
2712 4.949 5.9609 1 -0.00210000000000043
2713 4.949 5.9589 1 -0.00199999999999978
2714 4.949 5.9569 1 -0.00199999999999978
2715 4.949 5.9548 1 -0.00210000000000043
2716 4.949 5.9528 1 -0.00199999999999978
2717 4.949 5.9508 1 -0.00199999999999978
2718 4.95 5.9487 1 -0.00210000000000043
2719 4.95 5.9467 1 -0.00199999999999978
2720 4.95 5.9447 1 -0.00199999999999978
2721 4.95 5.9426 1 -0.00210000000000043
2722 4.95 5.9406 1 -0.00199999999999978
2723 4.95 5.9386 1 -0.00199999999999978
2724 4.95 5.9365 1 -0.00210000000000043
2725 4.95 5.9345 1 -0.00199999999999978
2726 4.95 5.9325 1 -0.00199999999999978
2727 4.95 5.9305 1 -0.00199999999999978
2728 4.95 5.9284 1 -0.00210000000000043
2729 4.95 5.9264 1 -0.00199999999999978
2730 4.95 5.9244 1 -0.00199999999999978
2731 4.95 5.9224 1 -0.00200000000000067
2732 4.95 5.9204 1 -0.00199999999999978
2733 4.95 5.9184 1 -0.00199999999999978
2734 4.95 5.9163 1 -0.00210000000000043
2735 4.95 5.9143 1 -0.00199999999999978
2736 4.95 5.9123 1 -0.00199999999999978
2737 4.95 5.9103 1 -0.00199999999999978
2738 4.95 5.9083 1 -0.00200000000000067
2739 4.95 5.9063 1 -0.00199999999999978
2740 4.95 5.9043 1 -0.00199999999999978
2741 4.95 5.9023 1 -0.00199999999999978
2742 4.95 5.9003 1 -0.00200000000000067
2743 4.95 5.8983 1 -0.00199999999999978
2744 4.95 5.8963 1 -0.00199999999999978
2745 4.95 5.8943 1 -0.00199999999999978
2746 4.951 5.8923 1 -0.00200000000000067
2747 4.951 5.8903 1 -0.00199999999999978
2748 4.951 5.8883 1 -0.00199999999999978
2749 4.951 5.8863 1 -0.00199999999999978
2750 4.951 5.8843 1 -0.00200000000000067
2751 4.951 5.8823 1 -0.00199999999999978
2752 4.951 5.8803 1 -0.00199999999999978
2753 4.951 5.8783 1 -0.00199999999999978
2754 4.951 5.8763 1 -0.00200000000000067
2755 4.951 5.8743 1 -0.00199999999999978
2756 4.951 5.8724 1 -0.00190000000000001
2757 4.951 5.8704 1 -0.00199999999999978
2758 4.951 5.8684 1 -0.00199999999999978
2759 4.951 5.8664 1 -0.00200000000000067
2760 4.951 5.8644 1 -0.00199999999999978
2761 4.951 5.8624 1 -0.00199999999999978
2762 4.951 5.8604 1 -0.00199999999999978
2763 4.951 5.8584 1 -0.00200000000000067
2764 4.951 5.8564 1 -0.00199999999999978
2765 4.951 5.8544 1 -0.00199999999999978
2766 4.951 5.8524 1 -0.00199999999999978
2767 4.951 5.8504 1 -0.00200000000000067
2768 4.951 5.8485 1 -0.00190000000000001
2769 4.951 5.8465 1 -0.00199999999999978
2770 4.951 5.8445 1 -0.00199999999999978
2771 4.951 5.8425 1 -0.00199999999999978
2772 4.951 5.8405 1 -0.00200000000000067
2773 4.951 5.8385 1 -0.00199999999999978
2774 4.951 5.8365 1 -0.00199999999999978
2775 4.951 5.8345 1 -0.00199999999999978
2776 4.951 5.8326 1 -0.00190000000000001
2777 4.951 5.8306 1 -0.00200000000000067
2778 4.951 5.8286 1 -0.00199999999999978
2779 4.951 5.8266 1 -0.00199999999999978
2780 4.951 5.8246 1 -0.00199999999999978
2781 4.951 5.8226 1 -0.00199999999999978
2782 4.951 5.8206 1 -0.00200000000000067
2783 4.951 5.8186 1 -0.00199999999999978
2784 4.951 5.8166 1 -0.00199999999999978
2785 4.951 5.8146 1 -0.00199999999999978
2786 4.951 5.8127 1 -0.00190000000000001
2787 4.952 5.8107 1 -0.00200000000000067
2788 4.952 5.8087 1 -0.00199999999999978
2789 4.952 5.8067 1 -0.00199999999999978
2790 4.952 5.8047 1 -0.00199999999999978
2791 4.952 5.8027 1 -0.00200000000000067
2792 4.952 5.8007 1 -0.00199999999999978
2793 4.952 5.7987 1 -0.00199999999999978
2794 4.952 5.7967 1 -0.00199999999999978
2795 4.952 5.7947 1 -0.00200000000000067
2796 4.952 5.7927 1 -0.00199999999999978
2797 4.952 5.7907 1 -0.00199999999999978
2798 4.952 5.7887 1 -0.00199999999999978
2799 4.952 5.7867 1 -0.00200000000000067
2800 4.952 5.7847 1 -0.00199999999999978
2801 4.952 5.7827 1 -0.00199999999999978
2802 4.952 5.7807 1 -0.00199999999999978
2803 4.952 5.7787 1 -0.00200000000000067
2804 4.952 5.7767 1 -0.00199999999999978
2805 4.952 5.7747 1 -0.00199999999999978
2806 4.952 5.7727 1 -0.00199999999999978
2807 4.952 5.7707 1 -0.00200000000000067
2808 4.952 5.7687 1 -0.00199999999999978
2809 4.952 5.7667 1 -0.00199999999999978
2810 4.952 5.7647 1 -0.00199999999999978
2811 4.952 5.7627 1 -0.00200000000000067
2812 4.952 5.7607 1 -0.00199999999999978
2813 4.952 5.7587 1 -0.00199999999999978
2814 4.952 5.7566 1 -0.00210000000000043
2815 4.952 5.7546 1 -0.00199999999999978
2816 4.952 5.7526 1 -0.00199999999999978
2817 4.952 5.7506 1 -0.00199999999999978
2818 4.952 5.7486 1 -0.00200000000000067
2819 4.952 5.7465 1 -0.00209999999999955
2820 4.952 5.7445 1 -0.00199999999999978
2821 4.952 5.7425 1 -0.00200000000000067
2822 4.952 5.7405 1 -0.00199999999999978
2823 4.952 5.7385 1 -0.00199999999999978
2824 4.952 5.7364 1 -0.00210000000000043
2825 4.952 5.7344 1 -0.00199999999999978
2826 4.952 5.7324 1 -0.00199999999999978
2827 4.952 5.7304 1 -0.00199999999999978
2828 4.952 5.7283 1 -0.00210000000000043
2829 4.952 5.7263 1 -0.00199999999999978
2830 4.952 5.7243 1 -0.00199999999999978
2831 4.952 5.7222 1 -0.00210000000000043
2832 4.952 5.7202 1 -0.00199999999999978
2833 4.952 5.7182 1 -0.00199999999999978
2834 4.952 5.7161 1 -0.00210000000000043
2835 4.952 5.7141 1 -0.00199999999999978
2836 4.952 5.712 1 -0.00210000000000043
2837 4.952 5.71 1 -0.00199999999999978
2838 4.952 5.708 1 -0.00199999999999978
2839 4.952 5.7059 1 -0.00210000000000043
2840 4.952 5.7039 1 -0.00199999999999978
2841 4.952 5.7019 1 -0.00199999999999978
2842 4.952 5.6998 1 -0.00210000000000043
2843 4.952 5.6978 1 -0.00199999999999978
2844 4.952 5.6957 1 -0.00209999999999955
2845 4.952 5.6937 1 -0.00200000000000067
2846 4.952 5.6917 1 -0.00199999999999978
2847 4.952 5.6896 1 -0.00209999999999955
2848 4.952 5.6876 1 -0.00200000000000067
2849 4.952 5.6855 1 -0.00209999999999955
2850 4.952 5.6835 1 -0.00199999999999978
2851 4.952 5.6814 1 -0.00210000000000043
2852 4.952 5.6794 1 -0.00199999999999978
2853 4.952 5.6774 1 -0.00200000000000067
2854 4.952 5.6753 1 -0.00209999999999955
2855 4.952 5.6733 1 -0.00199999999999978
2856 4.953 5.6712 1 -0.00210000000000043
2857 4.953 5.6692 1 -0.00199999999999978
2858 4.953 5.6671 1 -0.00210000000000043
2859 4.953 5.6651 1 -0.00199999999999978
2860 4.953 5.663 1 -0.00209999999999955
2861 4.953 5.661 1 -0.00200000000000067
2862 4.953 5.659 1 -0.00199999999999978
2863 4.953 5.6569 1 -0.00209999999999955
2864 4.953 5.6549 1 -0.00200000000000067
2865 4.953 5.6528 1 -0.00209999999999955
2866 4.953 5.6508 1 -0.00199999999999978
2867 4.953 5.6487 1 -0.00210000000000043
2868 4.953 5.6467 1 -0.00199999999999978
2869 4.953 5.6446 1 -0.00210000000000043
2870 4.953 5.6426 1 -0.00199999999999978
2871 4.953 5.6405 1 -0.00209999999999955
2872 4.953 5.6384 1 -0.00210000000000043
2873 4.953 5.6364 1 -0.00199999999999978
2874 4.953 5.6343 1 -0.00210000000000043
2875 4.953 5.6323 1 -0.00199999999999978
2876 4.953 5.6302 1 -0.00209999999999955
2877 4.953 5.6282 1 -0.00200000000000067
2878 4.953 5.6261 1 -0.00209999999999955
2879 4.953 5.624 1 -0.00210000000000043
2880 4.953 5.622 1 -0.00199999999999978
2881 4.953 5.6199 1 -0.00209999999999955
2882 4.953 5.6179 1 -0.00200000000000067
2883 4.953 5.6158 1 -0.00209999999999955
2884 4.953 5.6138 1 -0.00199999999999978
2885 4.953 5.6117 1 -0.00210000000000043
2886 4.953 5.6097 1 -0.00199999999999978
2887 4.953 5.6076 1 -0.00210000000000043
2888 4.953 5.6056 1 -0.00199999999999978
2889 4.953 5.6035 1 -0.00209999999999955
2890 4.953 5.6014 1 -0.00210000000000043
2891 4.953 5.5994 1 -0.00199999999999978
2892 4.953 5.5973 1 -0.00210000000000043
2893 4.953 5.5953 1 -0.00199999999999978
2894 4.953 5.5932 1 -0.00209999999999955
2895 4.953 5.5912 1 -0.00200000000000067
2896 4.953 5.5891 1 -0.00209999999999955
2897 4.953 5.5871 1 -0.00199999999999978
2898 4.953 5.5851 1 -0.00200000000000067
2899 4.953 5.583 1 -0.00209999999999955
2900 4.953 5.581 1 -0.00199999999999978
2901 4.953 5.5789 1 -0.00210000000000043
2902 4.953 5.5769 1 -0.00199999999999978
2903 4.953 5.5749 1 -0.00199999999999978
2904 4.953 5.5728 1 -0.00210000000000043
2905 4.953 5.5708 1 -0.00199999999999978
2906 4.953 5.5687 1 -0.00210000000000043
2907 4.953 5.5667 1 -0.00199999999999978
2908 4.953 5.5647 1 -0.00199999999999978
2909 4.953 5.5626 1 -0.00210000000000043
2910 4.953 5.5606 1 -0.00199999999999978
2911 4.953 5.5585 1 -0.00209999999999955
2912 4.953 5.5565 1 -0.00200000000000067
2913 4.953 5.5544 1 -0.00209999999999955
2914 4.953 5.5524 1 -0.00200000000000067
2915 4.953 5.5503 1 -0.00209999999999955
2916 4.953 5.5483 1 -0.00199999999999978
2917 4.953 5.5463 1 -0.00200000000000067
2918 4.953 5.5442 1 -0.00209999999999955
2919 4.953 5.5422 1 -0.00199999999999978
2920 4.953 5.5401 1 -0.00210000000000043
2921 4.953 5.5381 1 -0.00199999999999978
2922 4.953 5.536 1 -0.00210000000000043
2923 4.953 5.534 1 -0.00199999999999978
2924 4.953 5.5319 1 -0.00209999999999955
2925 4.953 5.5299 1 -0.00200000000000067
2926 4.953 5.5279 1 -0.00199999999999978
2927 4.953 5.5259 1 -0.00199999999999978
2928 4.953 5.5238 1 -0.00210000000000043
2929 4.953 5.5218 1 -0.00199999999999978
2930 4.953 5.5198 1 -0.00199999999999978
2931 4.953 5.5178 1 -0.00199999999999978
2932 4.953 5.5157 1 -0.00210000000000043
2933 4.953 5.5137 1 -0.00199999999999978
2934 4.953 5.5117 1 -0.00199999999999978
2935 4.953 5.5097 1 -0.00200000000000067
2936 4.953 5.5076 1 -0.00209999999999955
2937 4.953 5.5056 1 -0.00199999999999978
2938 4.953 5.5036 1 -0.00200000000000067
2939 4.953 5.5016 1 -0.00199999999999978
2940 4.953 5.4995 1 -0.00209999999999955
2941 4.953 5.4975 1 -0.00200000000000067
2942 4.953 5.4955 1 -0.00199999999999978
2943 4.953 5.4934 1 -0.00209999999999955
2944 4.953 5.4914 1 -0.00200000000000067
2945 4.953 5.4894 1 -0.00199999999999978
2946 4.953 5.4874 1 -0.00199999999999978
2947 4.953 5.4853 1 -0.00210000000000043
2948 4.953 5.4833 1 -0.00199999999999978
2949 4.953 5.4813 1 -0.00199999999999978
2950 4.953 5.4792 1 -0.00210000000000043
2951 4.953 5.4772 1 -0.00199999999999978
2952 4.953 5.4752 1 -0.00199999999999978
2953 4.953 5.4732 1 -0.00199999999999978
2954 4.953 5.4711 1 -0.00210000000000043
2955 4.953 5.4691 1 -0.00199999999999978
2956 4.953 5.4671 1 -0.00199999999999978
2957 4.953 5.4651 1 -0.00200000000000067
2958 4.953 5.463 1 -0.00209999999999955
2959 4.953 5.461 1 -0.00199999999999978
2960 4.953 5.459 1 -0.00200000000000067
2961 4.953 5.4569 1 -0.00209999999999955
2962 4.953 5.4549 1 -0.00199999999999978
2963 4.953 5.4529 1 -0.00200000000000067
2964 4.953 5.4509 1 -0.00199999999999978
2965 4.953 5.4488 1 -0.00209999999999955
2966 4.953 5.4468 1 -0.00200000000000067
2967 4.953 5.4447 1 -0.00209999999999955
2968 4.953 5.4427 1 -0.00199999999999978
2969 4.953 5.4407 1 -0.00200000000000067
2970 4.953 5.4386 1 -0.00209999999999955
2971 4.953 5.4366 1 -0.00199999999999978
2972 4.953 5.4345 1 -0.00210000000000043
2973 4.953 5.4325 1 -0.00199999999999978
2974 4.953 5.4304 1 -0.00210000000000043
2975 4.953 5.4284 1 -0.00199999999999978
2976 4.953 5.4264 1 -0.00199999999999978
2977 4.953 5.4243 1 -0.00210000000000043
2978 4.953 5.4223 1 -0.00199999999999978
2979 4.953 5.4202 1 -0.00209999999999955
2980 4.953 5.4181 1 -0.00210000000000043
2981 4.953 5.4161 1 -0.00199999999999978
2982 4.953 5.414 1 -0.00210000000000043
2983 4.953 5.412 1 -0.00199999999999978
2984 4.953 5.4099 1 -0.00209999999999955
2985 4.953 5.4078 1 -0.00210000000000043
2986 4.953 5.4058 1 -0.00199999999999978
2987 4.953 5.4037 1 -0.00210000000000043
2988 4.953 5.4016 1 -0.00209999999999955
2989 4.953 5.3996 1 -0.00199999999999978
2990 4.953 5.3975 1 -0.00210000000000043
2991 4.953 5.3954 1 -0.00209999999999955
2992 4.953 5.3934 1 -0.00200000000000067
2993 4.953 5.3913 1 -0.00209999999999955
2994 4.953 5.3892 1 -0.00210000000000043
2995 4.953 5.3871 1 -0.00209999999999955
2996 4.953 5.385 1 -0.00210000000000043
2997 4.953 5.383 1 -0.00199999999999978
2998 4.953 5.3809 1 -0.00210000000000043
2999 4.953 5.3788 1 -0.00209999999999955
3000 4.953 5.3767 1 -0.00210000000000043
3001 4.953 5.3746 1 -0.00209999999999955
3002 4.953 5.3725 1 -0.00210000000000043
3003 4.953 5.3704 1 -0.00209999999999955
3004 4.953 5.3683 1 -0.00210000000000043
3005 4.953 5.3662 1 -0.00209999999999955
3006 4.953 5.3641 1 -0.00210000000000043
3007 4.953 5.362 1 -0.00209999999999955
3008 4.953 5.3599 1 -0.00210000000000043
3009 4.953 5.3578 1 -0.00209999999999955
3010 4.953 5.3557 1 -0.00210000000000043
3011 4.953 5.3536 1 -0.00209999999999955
3012 4.953 5.3515 1 -0.00210000000000043
3013 4.953 5.3494 1 -0.00209999999999955
3014 4.953 5.3473 1 -0.00210000000000043
3015 4.953 5.3452 1 -0.00209999999999955
3016 4.953 5.3431 1 -0.00210000000000043
3017 4.953 5.341 1 -0.00209999999999955
3018 4.953 5.3389 1 -0.00210000000000043
3019 4.953 5.3367 1 -0.00219999999999931
3020 4.953 5.3346 1 -0.00210000000000043
3021 4.953 5.3325 1 -0.00210000000000043
3022 4.953 5.3304 1 -0.00209999999999955
3023 4.953 5.3283 1 -0.00210000000000043
3024 4.953 5.3262 1 -0.00209999999999955
3025 4.953 5.3241 1 -0.00210000000000043
3026 4.953 5.3219 1 -0.00219999999999931
3027 4.953 5.3198 1 -0.00210000000000043
3028 4.953 5.3177 1 -0.00209999999999955
3029 4.953 5.3156 1 -0.00210000000000043
3030 4.953 5.3135 1 -0.00209999999999955
3031 4.953 5.3114 1 -0.00210000000000043
3032 4.953 5.3093 1 -0.00209999999999955
3033 4.953 5.3071 1 -0.0022000000000002
3034 4.953 5.305 1 -0.00210000000000043
3035 4.953 5.3029 1 -0.00209999999999955
3036 4.953 5.3008 1 -0.00210000000000043
3037 4.953 5.2987 1 -0.00209999999999955
3038 4.953 5.2966 1 -0.00210000000000043
3039 4.953 5.2944 1 -0.00219999999999931
3040 4.953 5.2923 1 -0.00210000000000043
3041 4.953 5.2902 1 -0.00210000000000043
3042 4.953 5.2881 1 -0.00209999999999955
3043 4.953 5.2859 1 -0.0022000000000002
3044 4.953 5.2838 1 -0.00209999999999955
3045 4.953 5.2817 1 -0.00210000000000043
3046 4.953 5.2796 1 -0.00209999999999955
3047 4.953 5.2775 1 -0.00210000000000043
3048 4.953 5.2753 1 -0.0022000000000002
3049 4.953 5.2732 1 -0.00209999999999955
3050 4.953 5.2711 1 -0.00210000000000043
3051 4.953 5.269 1 -0.00209999999999955
3052 4.953 5.2669 1 -0.00210000000000043
3053 4.953 5.2648 1 -0.00209999999999955
3054 4.953 5.2627 1 -0.00210000000000043
3055 4.953 5.2606 1 -0.00209999999999955
3056 4.953 5.2585 1 -0.00210000000000043
3057 4.953 5.2564 1 -0.00209999999999955
3058 4.953 5.2543 1 -0.00210000000000043
3059 4.953 5.2522 1 -0.00209999999999955
3060 4.953 5.2501 1 -0.00210000000000043
3061 4.953 5.248 1 -0.00209999999999955
3062 4.953 5.2459 1 -0.00210000000000043
3063 4.953 5.2439 1 -0.00199999999999978
3064 4.953 5.2418 1 -0.00210000000000043
3065 4.953 5.2397 1 -0.00209999999999955
3066 4.953 5.2376 1 -0.00210000000000043
3067 4.953 5.2355 1 -0.00209999999999955
3068 4.953 5.2334 1 -0.00210000000000043
3069 4.953 5.2313 1 -0.00209999999999955
3070 4.953 5.2292 1 -0.00210000000000043
3071 4.953 5.2271 1 -0.00209999999999955
3072 4.953 5.225 1 -0.00210000000000043
3073 4.953 5.2229 1 -0.00209999999999955
3074 4.953 5.2208 1 -0.00210000000000043
3075 4.953 5.2187 1 -0.00209999999999955
3076 4.953 5.2166 1 -0.00210000000000043
3077 4.953 5.2145 1 -0.00209999999999955
3078 4.953 5.2124 1 -0.00210000000000043
3079 4.953 5.2103 1 -0.00209999999999955
3080 4.953 5.2082 1 -0.00210000000000043
3081 4.953 5.2061 1 -0.00209999999999955
3082 4.953 5.204 1 -0.00210000000000043
3083 4.953 5.202 1 -0.00199999999999978
3084 4.953 5.1999 1 -0.00209999999999955
3085 4.953 5.1978 1 -0.00210000000000043
3086 4.953 5.1957 1 -0.00209999999999955
3087 4.953 5.1936 1 -0.00210000000000043
3088 4.953 5.1915 1 -0.00210000000000043
3089 4.953 5.1894 1 -0.00209999999999955
3090 4.953 5.1873 1 -0.00210000000000043
3091 4.953 5.1852 1 -0.00209999999999955
3092 4.953 5.1832 1 -0.00199999999999978
3093 4.953 5.1811 1 -0.00210000000000043
3094 4.953 5.179 1 -0.00209999999999955
3095 4.953 5.1769 1 -0.00210000000000043
3096 4.953 5.1748 1 -0.00209999999999955
3097 4.953 5.1727 1 -0.00210000000000043
3098 4.953 5.1707 1 -0.00199999999999978
3099 4.953 5.1686 1 -0.00210000000000043
3100 4.953 5.1665 1 -0.00209999999999955
3101 4.953 5.1644 1 -0.00210000000000043
3102 4.953 5.1623 1 -0.00209999999999955
3103 4.953 5.1603 1 -0.00199999999999978
3104 4.953 5.1582 1 -0.00210000000000043
3105 4.953 5.1561 1 -0.00209999999999955
3106 4.953 5.154 1 -0.00210000000000043
3107 4.953 5.1519 1 -0.00209999999999955
3108 4.953 5.1498 1 -0.00210000000000043
3109 4.953 5.1477 1 -0.00209999999999955
3110 4.953 5.1457 1 -0.00200000000000067
3111 4.953 5.1436 1 -0.00209999999999955
3112 4.953 5.1415 1 -0.00210000000000043
3113 4.953 5.1394 1 -0.00209999999999955
3114 4.953 5.1373 1 -0.00210000000000043
3115 4.953 5.1353 1 -0.00199999999999978
3116 4.953 5.1332 1 -0.00209999999999955
3117 4.953 5.1311 1 -0.00210000000000043
3118 4.953 5.129 1 -0.00210000000000043
3119 4.953 5.1269 1 -0.00209999999999955
3120 4.953 5.1248 1 -0.00210000000000043
3121 4.953 5.1227 1 -0.00209999999999955
3122 4.953 5.1206 1 -0.00210000000000043
3123 4.953 5.1185 1 -0.00209999999999955
3124 4.953 5.1164 1 -0.00210000000000043
3125 4.953 5.1144 1 -0.00199999999999978
3126 4.953 5.1123 1 -0.00209999999999955
3127 4.953 5.1102 1 -0.00210000000000043
3128 4.953 5.1081 1 -0.00209999999999955
3129 4.953 5.106 1 -0.00210000000000043
3130 4.953 5.1039 1 -0.00209999999999955
3131 4.953 5.1017 1 -0.0022000000000002
3132 4.953 5.0996 1 -0.00210000000000043
3133 4.953 5.0975 1 -0.00209999999999955
3134 4.953 5.0954 1 -0.00210000000000043
3135 4.953 5.0933 1 -0.00209999999999955
3136 4.953 5.0912 1 -0.00210000000000043
3137 4.953 5.0891 1 -0.00209999999999955
3138 4.953 5.087 1 -0.00210000000000043
3139 4.953 5.0848 1 -0.00219999999999931
3140 4.953 5.0827 1 -0.00210000000000043
3141 4.953 5.0806 1 -0.00210000000000043
3142 4.953 5.0785 1 -0.00209999999999955
3143 4.953 5.0764 1 -0.00210000000000043
3144 4.953 5.0742 1 -0.00219999999999931
3145 4.953 5.0721 1 -0.00210000000000043
3146 4.953 5.07 1 -0.00209999999999955
3147 4.953 5.0679 1 -0.00210000000000043
3148 4.953 5.0658 1 -0.00209999999999955
3149 4.953 5.0637 1 -0.00210000000000043
3150 4.953 5.0615 1 -0.0022000000000002
3151 4.953 5.0594 1 -0.00209999999999955
3152 4.953 5.0573 1 -0.00210000000000043
3153 4.953 5.0552 1 -0.00209999999999955
3154 4.953 5.0531 1 -0.00210000000000043
3155 4.953 5.051 1 -0.00209999999999955
3156 4.953 5.0489 1 -0.00210000000000043
3157 4.953 5.0467 1 -0.00219999999999931
3158 4.953 5.0446 1 -0.00210000000000043
3159 4.953 5.0425 1 -0.00209999999999955
3160 4.953 5.0404 1 -0.00210000000000043
3161 4.953 5.0383 1 -0.00210000000000043
3162 4.953 5.0361 1 -0.00219999999999931
3163 4.953 5.034 1 -0.00210000000000043
3164 4.953 5.0319 1 -0.00209999999999955
3165 4.953 5.0298 1 -0.00210000000000043
3166 4.953 5.0276 1 -0.0022000000000002
3167 4.953 5.0255 1 -0.00209999999999955
3168 4.953 5.0234 1 -0.00210000000000043
3169 4.953 5.0213 1 -0.00209999999999955
3170 4.953 5.0191 1 -0.0022000000000002
3171 4.953 5.017 1 -0.00209999999999955
3172 4.953 5.0149 1 -0.00210000000000043
3173 4.953 5.0128 1 -0.00209999999999955
3174 4.953 5.0106 1 -0.0022000000000002
3175 4.953 5.0085 1 -0.00210000000000043
3176 4.953 5.0064 1 -0.00209999999999955
3177 4.953 5.0043 1 -0.00210000000000043
3178 4.953 5.0021 1 -0.00219999999999931
3179 4.953 5 1 -0.00210000000000043
3180 4.953 4.9979 1 -0.00210000000000043
3181 4.953 4.9958 1 -0.00209999999999955
3182 4.953 4.9937 1 -0.00210000000000043
3183 4.953 4.9915 1 -0.00219999999999931
3184 4.953 4.9894 1 -0.00210000000000043
3185 4.953 4.9873 1 -0.00209999999999955
3186 4.953 4.9851 1 -0.0022000000000002
3187 4.953 4.983 1 -0.00210000000000043
3188 4.953 4.9809 1 -0.00209999999999955
3189 4.953 4.9787 1 -0.0022000000000002
3190 4.953 4.9766 1 -0.00209999999999955
3191 4.953 4.9745 1 -0.00210000000000043
3192 4.953 4.9723 1 -0.0022000000000002
3193 4.953 4.9702 1 -0.00209999999999955
3194 4.953 4.9681 1 -0.00210000000000043
3195 4.953 4.9659 1 -0.00219999999999931
3196 4.953 4.9638 1 -0.00210000000000043
3197 4.953 4.9616 1 -0.0022000000000002
3198 4.953 4.9595 1 -0.00209999999999955
3199 4.953 4.9573 1 -0.0022000000000002
3200 4.953 4.9552 1 -0.00210000000000043
3201 4.953 4.953 1 -0.00219999999999931
3202 4.953 4.9509 1 -0.00210000000000043
3203 4.953 4.9488 1 -0.00209999999999955
3204 4.953 4.9466 1 -0.0022000000000002
3205 4.953 4.9445 1 -0.00210000000000043
3206 4.953 4.9423 1 -0.00219999999999931
3207 4.953 4.9402 1 -0.00210000000000043
3208 4.953 4.9381 1 -0.00209999999999955
3209 4.953 4.9359 1 -0.0022000000000002
3210 4.953 4.9338 1 -0.00210000000000043
3211 4.953 4.9317 1 -0.00209999999999955
3212 4.953 4.9295 1 -0.0022000000000002
3213 4.953 4.9274 1 -0.00210000000000043
3214 4.953 4.9253 1 -0.00209999999999955
3215 4.953 4.9231 1 -0.0022000000000002
3216 4.953 4.921 1 -0.00209999999999955
3217 4.953 4.9189 1 -0.00210000000000043
3218 4.953 4.9167 1 -0.0022000000000002
3219 4.953 4.9146 1 -0.00209999999999955
3220 4.953 4.9124 1 -0.0022000000000002
3221 4.953 4.9103 1 -0.00209999999999955
3222 4.953 4.9082 1 -0.00210000000000043
3223 4.953 4.906 1 -0.0022000000000002
3224 4.953 4.9039 1 -0.00209999999999955
3225 4.953 4.9017 1 -0.0022000000000002
3226 4.953 4.8996 1 -0.00209999999999955
3227 4.953 4.8974 1 -0.0022000000000002
3228 4.953 4.8953 1 -0.00210000000000043
3229 4.953 4.8932 1 -0.00209999999999955
3230 4.953 4.891 1 -0.0022000000000002
3231 4.953 4.8889 1 -0.00210000000000043
3232 4.953 4.8867 1 -0.00219999999999931
3233 4.953 4.8846 1 -0.00210000000000043
3234 4.953 4.8824 1 -0.0022000000000002
3235 4.953 4.8803 1 -0.00209999999999955
3236 4.953 4.8782 1 -0.00210000000000043
3237 4.953 4.876 1 -0.00219999999999931
3238 4.953 4.8739 1 -0.00210000000000043
3239 4.953 4.8717 1 -0.0022000000000002
3240 4.953 4.8696 1 -0.00209999999999955
3241 4.953 4.8675 1 -0.00210000000000043
3242 4.953 4.8653 1 -0.00219999999999931
3243 4.953 4.8632 1 -0.00210000000000043
3244 4.953 4.861 1 -0.0022000000000002
3245 4.953 4.8589 1 -0.00209999999999955
3246 4.953 4.8568 1 -0.00210000000000043
3247 4.953 4.8546 1 -0.0022000000000002
3248 4.953 4.8525 1 -0.00209999999999955
3249 4.953 4.8504 1 -0.00210000000000043
3250 4.953 4.8482 1 -0.00219999999999931
3251 4.953 4.8461 1 -0.00210000000000043
3252 4.953 4.8439 1 -0.0022000000000002
3253 4.953 4.8418 1 -0.00209999999999955
3254 4.953 4.8396 1 -0.0022000000000002
3255 4.953 4.8375 1 -0.00209999999999955
3256 4.953 4.8353 1 -0.0022000000000002
3257 4.953 4.8332 1 -0.00210000000000043
3258 4.953 4.831 1 -0.00219999999999931
3259 4.953 4.8289 1 -0.00210000000000043
3260 4.953 4.8267 1 -0.0022000000000002
3261 4.953 4.8246 1 -0.00209999999999955
3262 4.953 4.8224 1 -0.0022000000000002
3263 4.953 4.8203 1 -0.00210000000000043
3264 4.953 4.8181 1 -0.00219999999999931
3265 4.953 4.8159 1 -0.0022000000000002
3266 4.953 4.8138 1 -0.00210000000000043
3267 4.953 4.8116 1 -0.00219999999999931
3268 4.953 4.8095 1 -0.00210000000000043
3269 4.953 4.8073 1 -0.0022000000000002
3270 4.953 4.8052 1 -0.00209999999999955
3271 4.953 4.803 1 -0.0022000000000002
3272 4.953 4.8009 1 -0.00209999999999955
3273 4.953 4.7987 1 -0.0022000000000002
3274 4.953 4.7966 1 -0.00210000000000043
3275 4.953 4.7944 1 -0.00219999999999931
3276 4.953 4.7923 1 -0.00210000000000043
3277 4.953 4.7901 1 -0.0022000000000002
3278 4.953 4.788 1 -0.00209999999999955
3279 4.953 4.7858 1 -0.0022000000000002
3280 4.953 4.7837 1 -0.00210000000000043
3281 4.953 4.7815 1 -0.00219999999999931
3282 4.953 4.7793 1 -0.0022000000000002
3283 4.953 4.7772 1 -0.00210000000000043
3284 4.953 4.775 1 -0.00219999999999931
3285 4.953 4.7729 1 -0.00210000000000043
3286 4.953 4.7707 1 -0.0022000000000002
3287 4.953 4.7686 1 -0.00209999999999955
3288 4.953 4.7664 1 -0.0022000000000002
3289 4.953 4.7643 1 -0.00209999999999955
3290 4.953 4.7621 1 -0.0022000000000002
3291 4.953 4.7599 1 -0.0022000000000002
3292 4.953 4.7578 1 -0.00210000000000043
3293 4.953 4.7556 1 -0.00219999999999931
3294 4.953 4.7535 1 -0.00210000000000043
3295 4.953 4.7513 1 -0.0022000000000002
3296 4.953 4.7492 1 -0.00209999999999955
3297 4.953 4.747 1 -0.0022000000000002
3298 4.953 4.7449 1 -0.00209999999999955
3299 4.953 4.7427 1 -0.0022000000000002
3300 4.953 4.7405 1 -0.0022000000000002
3301 4.953 4.7384 1 -0.00209999999999955
3302 4.953 4.7362 1 -0.0022000000000002
3303 4.953 4.734 1 -0.0022000000000002
3304 4.953 4.7319 1 -0.00209999999999955
3305 4.953 4.7297 1 -0.0022000000000002
3306 4.953 4.7275 1 -0.0022000000000002
3307 4.953 4.7254 1 -0.00210000000000043
3308 4.953 4.7232 1 -0.00219999999999931
3309 4.953 4.7211 1 -0.00210000000000043
3310 4.953 4.7189 1 -0.0022000000000002
3311 4.953 4.7167 1 -0.00219999999999931
3312 4.953 4.7146 1 -0.00210000000000043
3313 4.953 4.7124 1 -0.0022000000000002
3314 4.953 4.7103 1 -0.00209999999999955
3315 4.953 4.7081 1 -0.0022000000000002
3316 4.953 4.7059 1 -0.0022000000000002
3317 4.953 4.7038 1 -0.00209999999999955
3318 4.953 4.7016 1 -0.0022000000000002
3319 4.953 4.6994 1 -0.0022000000000002
3320 4.953 4.6973 1 -0.00209999999999955
3321 4.953 4.6951 1 -0.0022000000000002
3322 4.953 4.693 1 -0.00210000000000043
3323 4.953 4.6908 1 -0.00219999999999931
3324 4.953 4.6886 1 -0.0022000000000002
3325 4.953 4.6865 1 -0.00210000000000043
3326 4.953 4.6843 1 -0.00219999999999931
3327 4.953 4.6821 1 -0.0022000000000002
3328 4.953 4.68 1 -0.00210000000000043
3329 4.953 4.6778 1 -0.00219999999999931
3330 4.953 4.6757 1 -0.00210000000000043
3331 4.953 4.6735 1 -0.0022000000000002
3332 4.953 4.6713 1 -0.0022000000000002
3333 4.953 4.6692 1 -0.00209999999999955
3334 4.953 4.667 1 -0.0022000000000002
3335 4.953 4.6649 1 -0.00209999999999955
3336 4.953 4.6627 1 -0.0022000000000002
3337 4.953 4.6606 1 -0.00210000000000043
3338 4.953 4.6584 1 -0.00219999999999931
3339 4.953 4.6562 1 -0.0022000000000002
3340 4.953 4.6541 1 -0.00210000000000043
3341 4.953 4.6519 1 -0.00219999999999931
3342 4.953 4.6498 1 -0.00210000000000043
3343 4.953 4.6476 1 -0.0022000000000002
3344 4.953 4.6455 1 -0.00209999999999955
3345 4.953 4.6433 1 -0.0022000000000002
3346 4.953 4.6412 1 -0.00209999999999955
3347 4.953 4.639 1 -0.0022000000000002
3348 4.953 4.6369 1 -0.00210000000000043
3349 4.953 4.6347 1 -0.0022000000000002
3350 4.953 4.6326 1 -0.00209999999999955
3351 4.953 4.6304 1 -0.0022000000000002
3352 4.953 4.6283 1 -0.00209999999999955
3353 4.953 4.6261 1 -0.0022000000000002
3354 4.953 4.6239 1 -0.0022000000000002
3355 4.953 4.6218 1 -0.00209999999999955
3356 4.953 4.6196 1 -0.0022000000000002
3357 4.953 4.6175 1 -0.00210000000000043
3358 4.953 4.6153 1 -0.00219999999999931
3359 4.953 4.6131 1 -0.0022000000000002
3360 4.953 4.611 1 -0.00210000000000043
3361 4.953 4.6088 1 -0.0022000000000002
3362 4.953 4.6067 1 -0.00209999999999955
3363 4.953 4.6045 1 -0.0022000000000002
3364 4.953 4.6023 1 -0.0022000000000002
3365 4.953 4.6002 1 -0.00209999999999955
3366 4.953 4.598 1 -0.0022000000000002
3367 4.953 4.5958 1 -0.0022000000000002
3368 4.953 4.5937 1 -0.00209999999999955
3369 4.953 4.5915 1 -0.0022000000000002
3370 4.953 4.5894 1 -0.00209999999999955
3371 4.953 4.5872 1 -0.0022000000000002
3372 4.953 4.585 1 -0.0022000000000002
3373 4.953 4.5829 1 -0.00209999999999955
3374 4.953 4.5807 1 -0.0022000000000002
3375 4.953 4.5785 1 -0.0022000000000002
3376 4.953 4.5764 1 -0.00210000000000043
3377 4.953 4.5742 1 -0.00219999999999931
3378 4.953 4.572 1 -0.0022000000000002
3379 4.953 4.5698 1 -0.0022000000000002
3380 4.953 4.5677 1 -0.00209999999999955
3381 4.953 4.5655 1 -0.0022000000000002
3382 4.953 4.5633 1 -0.0022000000000002
3383 4.953 4.5612 1 -0.00209999999999955
3384 4.953 4.559 1 -0.0022000000000002
3385 4.953 4.5568 1 -0.0022000000000002
3386 4.953 4.5547 1 -0.00209999999999955
3387 4.953 4.5525 1 -0.0022000000000002
3388 4.953 4.5503 1 -0.0022000000000002
3389 4.953 4.5481 1 -0.0022000000000002
3390 4.953 4.546 1 -0.00209999999999955
3391 4.953 4.5438 1 -0.0022000000000002
3392 4.953 4.5416 1 -0.0022000000000002
3393 4.953 4.5395 1 -0.00209999999999955
3394 4.953 4.5373 1 -0.0022000000000002
3395 4.953 4.5351 1 -0.0022000000000002
3396 4.953 4.533 1 -0.00209999999999955
3397 4.953 4.5308 1 -0.0022000000000002
3398 4.953 4.5286 1 -0.0022000000000002
3399 4.953 4.5265 1 -0.00209999999999955
3400 4.953 4.5243 1 -0.0022000000000002
3401 4.953 4.5222 1 -0.00210000000000043
3402 4.953 4.52 1 -0.0022000000000002
3403 4.953 4.5178 1 -0.00219999999999931
3404 4.953 4.5157 1 -0.00210000000000043
3405 4.953 4.5135 1 -0.0022000000000002
3406 4.953 4.5113 1 -0.00219999999999931
3407 4.953 4.5092 1 -0.00210000000000043
3408 4.953 4.507 1 -0.0022000000000002
3409 4.953 4.5048 1 -0.00219999999999931
3410 4.953 4.5027 1 -0.00210000000000043
3411 4.953 4.5005 1 -0.0022000000000002
3412 4.953 4.4983 1 -0.00219999999999931
3413 4.953 4.4962 1 -0.00210000000000043
3414 4.953 4.494 1 -0.0022000000000002
3415 4.953 4.4918 1 -0.0022000000000002
3416 4.953 4.4896 1 -0.00219999999999931
3417 4.953 4.4875 1 -0.00210000000000043
3418 4.953 4.4853 1 -0.0022000000000002
3419 4.953 4.4831 1 -0.00219999999999931
3420 4.953 4.481 1 -0.00210000000000043
3421 4.953 4.4788 1 -0.0022000000000002
3422 4.953 4.4766 1 -0.00219999999999931
3423 4.953 4.4745 1 -0.00210000000000043
3424 4.953 4.4723 1 -0.0022000000000002
3425 4.953 4.4701 1 -0.00219999999999931
3426 4.953 4.4679 1 -0.0022000000000002
3427 4.953 4.4658 1 -0.00210000000000043
3428 4.953 4.4636 1 -0.0022000000000002
3429 4.953 4.4614 1 -0.00219999999999931
3430 4.953 4.4593 1 -0.00210000000000043
3431 4.953 4.4571 1 -0.0022000000000002
3432 4.953 4.4549 1 -0.00219999999999931
3433 4.953 4.4527 1 -0.0022000000000002
3434 4.953 4.4505 1 -0.0022000000000002
3435 4.953 4.4484 1 -0.00209999999999955
3436 4.953 4.4462 1 -0.0022000000000002
3437 4.953 4.444 1 -0.0022000000000002
3438 4.953 4.4418 1 -0.0022000000000002
3439 4.953 4.4396 1 -0.00219999999999931
3440 4.953 4.4374 1 -0.0022000000000002
3441 4.953 4.4353 1 -0.00210000000000043
3442 4.953 4.4331 1 -0.0022000000000002
3443 4.953 4.4309 1 -0.00219999999999931
3444 4.953 4.4287 1 -0.0022000000000002
3445 4.953 4.4265 1 -0.0022000000000002
3446 4.953 4.4244 1 -0.00209999999999955
3447 4.953 4.4222 1 -0.0022000000000002
3448 4.953 4.42 1 -0.0022000000000002
3449 4.953 4.4178 1 -0.0022000000000002
3450 4.953 4.4157 1 -0.00209999999999955
3451 4.953 4.4135 1 -0.0022000000000002
3452 4.953 4.4113 1 -0.0022000000000002
3453 4.953 4.4092 1 -0.00209999999999955
3454 4.953 4.407 1 -0.0022000000000002
3455 4.953 4.4048 1 -0.0022000000000002
3456 4.953 4.4027 1 -0.00209999999999955
3457 4.953 4.4005 1 -0.0022000000000002
3458 4.953 4.3983 1 -0.0022000000000002
3459 4.953 4.3961 1 -0.0022000000000002
3460 4.953 4.394 1 -0.00209999999999955
3461 4.953 4.3918 1 -0.0022000000000002
3462 4.953 4.3896 1 -0.0022000000000002
3463 4.953 4.3875 1 -0.00209999999999955
3464 4.953 4.3853 1 -0.0022000000000002
3465 4.953 4.3831 1 -0.0022000000000002
3466 4.953 4.381 1 -0.00209999999999955
3467 4.953 4.3788 1 -0.0022000000000002
3468 4.953 4.3766 1 -0.0022000000000002
3469 4.953 4.3745 1 -0.00209999999999955
3470 4.953 4.3723 1 -0.0022000000000002
3471 4.953 4.3702 1 -0.00210000000000043
3472 4.953 4.368 1 -0.00219999999999931
3473 4.953 4.3658 1 -0.0022000000000002
3474 4.953 4.3637 1 -0.00210000000000043
3475 4.953 4.3615 1 -0.00219999999999931
3476 4.953 4.3594 1 -0.00210000000000043
3477 4.953 4.3573 1 -0.00209999999999955
3478 4.953 4.3551 1 -0.0022000000000002
3479 4.953 4.353 1 -0.00210000000000043
3480 4.953 4.3508 1 -0.0022000000000002
3481 4.953 4.3487 1 -0.00209999999999955
3482 4.953 4.3465 1 -0.0022000000000002
3483 4.953 4.3444 1 -0.00209999999999955
3484 4.953 4.3423 1 -0.00210000000000043
3485 4.953 4.3401 1 -0.0022000000000002
3486 4.953 4.338 1 -0.00209999999999955
3487 4.953 4.3358 1 -0.0022000000000002
3488 4.953 4.3337 1 -0.00209999999999955
3489 4.953 4.3315 1 -0.0022000000000002
3490 4.953 4.3294 1 -0.00210000000000043
3491 4.953 4.3272 1 -0.00219999999999931
3492 4.953 4.3251 1 -0.00210000000000043
3493 4.953 4.3229 1 -0.0022000000000002
3494 4.953 4.3208 1 -0.00209999999999955
3495 4.953 4.3187 1 -0.00210000000000043
3496 4.953 4.3165 1 -0.0022000000000002
3497 4.953 4.3144 1 -0.00209999999999955
3498 4.953 4.3123 1 -0.00210000000000043
3499 4.953 4.3101 1 -0.00219999999999931
3500 4.953 4.308 1 -0.00210000000000043
3501 4.953 4.3059 1 -0.00209999999999955
3502 4.953 4.3037 1 -0.0022000000000002
3503 4.953 4.3016 1 -0.00210000000000043
3504 4.953 4.2995 1 -0.00209999999999955
3505 4.953 4.2974 1 -0.00210000000000043
3506 4.953 4.2953 1 -0.00209999999999955
3507 4.953 4.2932 1 -0.00210000000000043
3508 4.953 4.2911 1 -0.00209999999999955
3509 4.953 4.289 1 -0.00210000000000043
3510 4.953 4.2869 1 -0.00209999999999955
3511 4.953 4.2848 1 -0.00210000000000043
3512 4.953 4.2827 1 -0.00209999999999955
3513 4.953 4.2806 1 -0.00210000000000043
3514 4.953 4.2785 1 -0.00209999999999955
3515 4.953 4.2764 1 -0.00210000000000043
3516 4.953 4.2743 1 -0.00209999999999955
3517 4.953 4.2722 1 -0.00210000000000043
3518 4.953 4.2701 1 -0.00209999999999955
3519 4.953 4.268 1 -0.00210000000000043
3520 4.953 4.2659 1 -0.00209999999999955
3521 4.953 4.2638 1 -0.00210000000000043
3522 4.953 4.2617 1 -0.00209999999999955
3523 4.953 4.2596 1 -0.00210000000000043
3524 4.953 4.2575 1 -0.00209999999999955
3525 4.953 4.2554 1 -0.00210000000000043
3526 4.953 4.2533 1 -0.00209999999999955
3527 4.953 4.2513 1 -0.00200000000000067
3528 4.953 4.2492 1 -0.00209999999999955
3529 4.953 4.2471 1 -0.00210000000000043
3530 4.953 4.245 1 -0.00209999999999955
3531 4.953 4.2429 1 -0.00210000000000043
3532 4.953 4.2409 1 -0.00199999999999978
3533 4.953 4.2388 1 -0.00209999999999955
3534 4.953 4.2367 1 -0.00210000000000043
3535 4.953 4.2346 1 -0.00209999999999955
3536 4.953 4.2326 1 -0.00200000000000067
3537 4.953 4.2305 1 -0.00209999999999955
3538 4.953 4.2285 1 -0.00199999999999978
3539 4.953 4.2264 1 -0.00210000000000043
3540 4.953 4.2243 1 -0.00209999999999955
3541 4.953 4.2223 1 -0.00200000000000067
3542 4.953 4.2202 1 -0.00209999999999955
3543 4.953 4.2182 1 -0.00199999999999978
3544 4.953 4.2162 1 -0.00200000000000067
3545 4.953 4.2141 1 -0.00209999999999955
3546 4.953 4.2121 1 -0.00199999999999978
3547 4.953 4.21 1 -0.00210000000000043
3548 4.953 4.208 1 -0.00199999999999978
3549 4.953 4.206 1 -0.00199999999999978
3550 4.953 4.2039 1 -0.00210000000000043
3551 4.953 4.2019 1 -0.00199999999999978
3552 4.953 4.1999 1 -0.00199999999999978
3553 4.953 4.1979 1 -0.00200000000000067
3554 4.953 4.1958 1 -0.00209999999999955
3555 4.953 4.1938 1 -0.00199999999999978
3556 4.953 4.1918 1 -0.00200000000000067
3557 4.953 4.1897 1 -0.00209999999999955
3558 4.953 4.1877 1 -0.00199999999999978
3559 4.953 4.1857 1 -0.00200000000000067
3560 4.953 4.1837 1 -0.00199999999999978
3561 4.953 4.1816 1 -0.00209999999999955
3562 4.953 4.1796 1 -0.00200000000000067
3563 4.953 4.1776 1 -0.00199999999999978
3564 4.953 4.1756 1 -0.00199999999999978
3565 4.953 4.1736 1 -0.00199999999999978
3566 4.953 4.1715 1 -0.00210000000000043
3567 4.953 4.1695 1 -0.00199999999999978
3568 4.953 4.1675 1 -0.00199999999999978
3569 4.953 4.1655 1 -0.00200000000000067
3570 4.953 4.1635 1 -0.00199999999999978
3571 4.953 4.1615 1 -0.00199999999999978
3572 4.953 4.1595 1 -0.00199999999999978
3573 4.953 4.1575 1 -0.00200000000000067
3574 4.953 4.1555 1 -0.00199999999999978
3575 4.953 4.1535 1 -0.00199999999999978
3576 4.953 4.1515 1 -0.00199999999999978
3577 4.953 4.1495 1 -0.00200000000000067
3578 4.953 4.1475 1 -0.00199999999999978
3579 4.953 4.1455 1 -0.00199999999999978
3580 4.953 4.1435 1 -0.00199999999999978
3581 4.953 4.1415 1 -0.00200000000000067
3582 4.953 4.1395 1 -0.00199999999999978
3583 4.953 4.1375 1 -0.00199999999999978
3584 4.953 4.1355 1 -0.00199999999999978
3585 4.953 4.1335 1 -0.00200000000000067
3586 4.953 4.1315 1 -0.00199999999999978
3587 4.953 4.1295 1 -0.00199999999999978
3588 4.953 4.1276 1 -0.00190000000000001
3589 4.953 4.1256 1 -0.00199999999999978
3590 4.953 4.1236 1 -0.00200000000000067
3591 4.953 4.1216 1 -0.00199999999999978
3592 4.953 4.1196 1 -0.00199999999999978
3593 4.953 4.1177 1 -0.00190000000000001
3594 4.953 4.1157 1 -0.00199999999999978
3595 4.953 4.1137 1 -0.00200000000000067
3596 4.953 4.1117 1 -0.00199999999999978
3597 4.953 4.1098 1 -0.00190000000000001
3598 4.953 4.1078 1 -0.00199999999999978
3599 4.953 4.1058 1 -0.00199999999999978
3600 4.953 4.1038 1 -0.00200000000000067
3601 4.953 4.1018 1 -0.00199999999999978
3602 4.953 4.0998 1 -0.00199999999999978
3603 4.953 4.0979 1 -0.00190000000000001
3604 4.953 4.0959 1 -0.00199999999999978
3605 4.953 4.094 1 -0.00190000000000001
3606 4.953 4.092 1 -0.00200000000000067
3607 4.953 4.09 1 -0.00199999999999978
3608 4.953 4.0881 1 -0.00190000000000001
3609 4.953 4.0861 1 -0.00199999999999978
3610 4.953 4.0842 1 -0.00190000000000001
3611 4.953 4.0822 1 -0.00199999999999978
3612 4.953 4.0802 1 -0.00200000000000067
3613 4.953 4.0783 1 -0.00190000000000001
3614 4.953 4.0763 1 -0.00199999999999978
3615 4.953 4.0744 1 -0.00190000000000001
3616 4.953 4.0724 1 -0.00199999999999978
3617 4.953 4.0704 1 -0.00199999999999978
3618 4.953 4.0685 1 -0.00190000000000001
3619 4.953 4.0665 1 -0.00200000000000067
3620 4.953 4.0646 1 -0.00189999999999912
3621 4.953 4.0626 1 -0.00200000000000067
3622 4.953 4.0607 1 -0.00190000000000001
3623 4.953 4.0587 1 -0.00199999999999978
3624 4.953 4.0567 1 -0.00199999999999978
3625 4.953 4.0548 1 -0.00190000000000001
3626 4.953 4.0528 1 -0.00199999999999978
3627 4.953 4.0509 1 -0.00190000000000001
3628 4.953 4.0489 1 -0.00200000000000067
3629 4.953 4.047 1 -0.00190000000000001
3630 4.953 4.045 1 -0.00199999999999978
3631 4.953 4.0431 1 -0.00190000000000001
3632 4.953 4.0411 1 -0.00199999999999978
3633 4.953 4.0392 1 -0.00190000000000001
3634 4.953 4.0372 1 -0.00199999999999978
3635 4.953 4.0353 1 -0.00190000000000001
3636 4.953 4.0334 1 -0.00190000000000001
3637 4.953 4.0314 1 -0.00200000000000067
3638 4.953 4.0295 1 -0.00190000000000001
3639 4.953 4.0275 1 -0.00199999999999978
3640 4.953 4.0256 1 -0.00190000000000001
3641 4.953 4.0237 1 -0.00190000000000001
3642 4.953 4.0217 1 -0.00199999999999978
3643 4.953 4.0198 1 -0.00190000000000001
3644 4.953 4.0179 1 -0.00190000000000001
3645 4.953 4.0159 1 -0.00199999999999978
3646 4.953 4.014 1 -0.00190000000000001
3647 4.953 4.0121 1 -0.00190000000000001
3648 4.953 4.0102 1 -0.00190000000000001
3649 4.953 4.0083 1 -0.00190000000000001
3650 4.953 4.0064 1 -0.00190000000000001
3651 4.953 4.0045 1 -0.00190000000000001
3652 4.953 4.0026 1 -0.00190000000000001
3653 4.953 4.0006 1 -0.00199999999999978
3654 4.953 3.9987 1 -0.00190000000000046
3655 4.953 3.9968 1 -0.00190000000000001
3656 4.953 3.9949 1 -0.00190000000000001
3657 4.953 3.993 1 -0.00190000000000001
3658 4.953 3.9911 1 -0.00190000000000001
3659 4.953 3.9892 1 -0.00190000000000001
3660 4.953 3.9873 1 -0.00190000000000001
3661 4.953 3.9854 1 -0.00190000000000001
3662 4.953 3.9835 1 -0.00190000000000001
3663 4.953 3.9816 1 -0.00190000000000001
3664 4.953 3.9798 1 -0.0017999999999998
3665 4.953 3.9779 1 -0.00190000000000001
3666 4.953 3.976 1 -0.00190000000000001
3667 4.953 3.9741 1 -0.00190000000000001
3668 4.953 3.9722 1 -0.00190000000000001
3669 4.953 3.9703 1 -0.00190000000000001
3670 4.953 3.9684 1 -0.00190000000000001
3671 4.953 3.9665 1 -0.00190000000000001
3672 4.953 3.9646 1 -0.00190000000000001
3673 4.953 3.9627 1 -0.00190000000000001
3674 4.953 3.9608 1 -0.00190000000000001
3675 4.953 3.9589 1 -0.00190000000000001
3676 4.953 3.9571 1 -0.0017999999999998
3677 4.953 3.9552 1 -0.00190000000000001
3678 4.953 3.9533 1 -0.00190000000000001
3679 4.953 3.9514 1 -0.00190000000000001
3680 4.953 3.9496 1 -0.0017999999999998
3681 4.953 3.9477 1 -0.00190000000000001
3682 4.953 3.9458 1 -0.00190000000000001
3683 4.953 3.9439 1 -0.00190000000000001
3684 4.953 3.9421 1 -0.00180000000000025
3685 4.953 3.9402 1 -0.00190000000000001
3686 4.953 3.9383 1 -0.00190000000000001
3687 4.953 3.9364 1 -0.00190000000000001
3688 4.953 3.9345 1 -0.00190000000000001
3689 4.953 3.9326 1 -0.00190000000000001
3690 4.953 3.9307 1 -0.00190000000000001
3691 4.953 3.9288 1 -0.00190000000000001
3692 4.953 3.9269 1 -0.00190000000000001
3693 4.953 3.925 1 -0.00190000000000001
3694 4.953 3.9232 1 -0.0017999999999998
3695 4.953 3.9213 1 -0.00190000000000001
3696 4.953 3.9194 1 -0.00190000000000001
3697 4.953 3.9175 1 -0.00190000000000001
3698 4.953 3.9156 1 -0.00190000000000001
3699 4.953 3.9137 1 -0.00190000000000001
3700 4.953 3.9119 1 -0.0017999999999998
3701 4.953 3.91 1 -0.00190000000000001
3702 4.953 3.9081 1 -0.00190000000000001
3703 4.953 3.9062 1 -0.00190000000000001
3704 4.953 3.9044 1 -0.00180000000000025
3705 4.953 3.9025 1 -0.00190000000000001
3706 4.953 3.9006 1 -0.00190000000000001
3707 4.953 3.8988 1 -0.0017999999999998
3708 4.953 3.8969 1 -0.00190000000000001
3709 4.953 3.895 1 -0.00190000000000001
3710 4.953 3.8931 1 -0.00190000000000001
3711 4.953 3.8913 1 -0.0017999999999998
3712 4.953 3.8894 1 -0.00190000000000001
3713 4.953 3.8875 1 -0.00190000000000001
3714 4.953 3.8857 1 -0.00180000000000025
3715 4.953 3.8838 1 -0.00190000000000001
3716 4.953 3.8819 1 -0.00190000000000001
3717 4.953 3.8801 1 -0.0017999999999998
3718 4.953 3.8782 1 -0.00190000000000001
3719 4.953 3.8763 1 -0.00190000000000001
3720 4.953 3.8745 1 -0.00180000000000025
3721 4.953 3.8726 1 -0.00190000000000001
3722 4.953 3.8708 1 -0.0017999999999998
3723 4.953 3.8689 1 -0.00190000000000001
3724 4.953 3.867 1 -0.00190000000000001
3725 4.953 3.8651 1 -0.00190000000000001
3726 4.953 3.8633 1 -0.0017999999999998
3727 4.953 3.8614 1 -0.00190000000000001
3728 4.953 3.8596 1 -0.00180000000000025
3729 4.953 3.8577 1 -0.00190000000000001
3730 4.953 3.8558 1 -0.00190000000000001
3731 4.953 3.854 1 -0.0017999999999998
3732 4.953 3.8521 1 -0.00190000000000001
3733 4.953 3.8502 1 -0.00190000000000001
3734 4.953 3.8484 1 -0.00180000000000025
3735 4.953 3.8465 1 -0.00190000000000001
3736 4.953 3.8447 1 -0.0017999999999998
3737 4.953 3.8428 1 -0.00190000000000001
3738 4.953 3.841 1 -0.0017999999999998
3739 4.953 3.8391 1 -0.00190000000000001
3740 4.953 3.8373 1 -0.00180000000000025
3741 4.953 3.8354 1 -0.00190000000000001
3742 4.953 3.8336 1 -0.0017999999999998
3743 4.953 3.8317 1 -0.00190000000000001
3744 4.953 3.8299 1 -0.00180000000000025
3745 4.953 3.8281 1 -0.0017999999999998
3746 4.953 3.8262 1 -0.00190000000000001
3747 4.953 3.8244 1 -0.00180000000000025
3748 4.953 3.8226 1 -0.0017999999999998
3749 4.953 3.8207 1 -0.00190000000000001
3750 4.953 3.8189 1 -0.0017999999999998
3751 4.953 3.8171 1 -0.00180000000000025
3752 4.953 3.8152 1 -0.00190000000000001
3753 4.953 3.8134 1 -0.0017999999999998
3754 4.953 3.8116 1 -0.00180000000000025
3755 4.953 3.8098 1 -0.0017999999999998
3756 4.953 3.8079 1 -0.00190000000000001
3757 4.953 3.8061 1 -0.00180000000000025
3758 4.953 3.8043 1 -0.0017999999999998
3759 4.953 3.8025 1 -0.0017999999999998
3760 4.953 3.8007 1 -0.00180000000000025
3761 4.953 3.7989 1 -0.0017999999999998
3762 4.953 3.7971 1 -0.00180000000000025
3763 4.953 3.7953 1 -0.0017999999999998
3764 4.953 3.7935 1 -0.00180000000000025
3765 4.953 3.7916 1 -0.00190000000000001
3766 4.953 3.7898 1 -0.0017999999999998
3767 4.953 3.788 1 -0.00180000000000025
3768 4.953 3.7862 1 -0.0017999999999998
3769 4.953 3.7844 1 -0.0017999999999998
3770 4.953 3.7826 1 -0.00180000000000025
3771 4.953 3.7808 1 -0.0017999999999998
3772 4.953 3.779 1 -0.00180000000000025
3773 4.953 3.7772 1 -0.0017999999999998
3774 4.953 3.7754 1 -0.00180000000000025
3775 4.953 3.7736 1 -0.0017999999999998
3776 4.953 3.7717 1 -0.00190000000000001
3777 4.953 3.7699 1 -0.00180000000000025
3778 4.953 3.7681 1 -0.0017999999999998
3779 4.953 3.7663 1 -0.0017999999999998
3780 4.953 3.7645 1 -0.00180000000000025
3781 4.953 3.7627 1 -0.0017999999999998
3782 4.953 3.7609 1 -0.00180000000000025
3783 4.953 3.759 1 -0.00190000000000001
3784 4.953 3.7572 1 -0.0017999999999998
3785 4.953 3.7554 1 -0.00180000000000025
3786 4.953 3.7536 1 -0.0017999999999998
3787 4.953 3.7518 1 -0.00180000000000025
3788 4.953 3.75 1 -0.0017999999999998
3789 4.953 3.7482 1 -0.0017999999999998
3790 4.953 3.7463 1 -0.00190000000000001
3791 4.953 3.7445 1 -0.00180000000000025
3792 4.953 3.7427 1 -0.0017999999999998
3793 4.953 3.7409 1 -0.00180000000000025
3794 4.953 3.7391 1 -0.0017999999999998
3795 4.953 3.7373 1 -0.00180000000000025
3796 4.953 3.7355 1 -0.0017999999999998
3797 4.953 3.7336 1 -0.00190000000000001
3798 4.953 3.7318 1 -0.00180000000000025
3799 4.953 3.73 1 -0.0017999999999998
3800 4.953 3.7282 1 -0.0017999999999998
3801 4.953 3.7264 1 -0.00180000000000025
3802 4.953 3.7246 1 -0.0017999999999998
3803 4.953 3.7228 1 -0.00180000000000025
3804 4.953 3.721 1 -0.0017999999999998
3805 4.953 3.7192 1 -0.00180000000000025
3806 4.953 3.7174 1 -0.0017999999999998
3807 4.953 3.7156 1 -0.00180000000000025
3808 4.953 3.7138 1 -0.0017999999999998
3809 4.953 3.712 1 -0.0017999999999998
3810 4.953 3.7102 1 -0.00180000000000025
3811 4.953 3.7084 1 -0.0017999999999998
3812 4.953 3.7066 1 -0.00180000000000025
3813 4.953 3.7048 1 -0.0017999999999998
3814 4.953 3.703 1 -0.00180000000000025
3815 4.953 3.7012 1 -0.0017999999999998
3816 4.953 3.6994 1 -0.00180000000000025
3817 4.953 3.6976 1 -0.0017999999999998
3818 4.953 3.6958 1 -0.0017999999999998
3819 4.953 3.694 1 -0.00180000000000025
3820 4.953 3.6922 1 -0.0017999999999998
3821 4.953 3.6904 1 -0.00180000000000025
3822 4.953 3.6886 1 -0.0017999999999998
3823 4.953 3.6868 1 -0.00180000000000025
3824 4.953 3.685 1 -0.0017999999999998
3825 4.953 3.6832 1 -0.00180000000000025
3826 4.953 3.6814 1 -0.0017999999999998
3827 4.953 3.6796 1 -0.0017999999999998
3828 4.953 3.6778 1 -0.00180000000000025
3829 4.953 3.676 1 -0.0017999999999998
3830 4.953 3.6742 1 -0.00180000000000025
3831 4.953 3.6724 1 -0.0017999999999998
3832 4.953 3.6706 1 -0.00180000000000025
3833 4.953 3.6688 1 -0.0017999999999998
3834 4.953 3.667 1 -0.00180000000000025
3835 4.953 3.6652 1 -0.0017999999999998
3836 4.953 3.6634 1 -0.0017999999999998
3837 4.953 3.6616 1 -0.00180000000000025
3838 4.953 3.6598 1 -0.0017999999999998
3839 4.953 3.658 1 -0.00180000000000025
3840 4.953 3.6562 1 -0.0017999999999998
3841 4.953 3.6544 1 -0.00180000000000025
3842 4.953 3.6526 1 -0.0017999999999998
3843 4.953 3.6508 1 -0.00180000000000025
3844 4.953 3.649 1 -0.0017999999999998
3845 4.953 3.6472 1 -0.0017999999999998
3846 4.953 3.6454 1 -0.00180000000000025
3847 4.953 3.6436 1 -0.0017999999999998
3848 4.953 3.6418 1 -0.00180000000000025
3849 4.953 3.6401 1 -0.00170000000000003
3850 4.953 3.6383 1 -0.0017999999999998
3851 4.953 3.6365 1 -0.00180000000000025
3852 4.953 3.6347 1 -0.0017999999999998
3853 4.953 3.6329 1 -0.00180000000000025
3854 4.953 3.6312 1 -0.00169999999999959
3855 4.953 3.6294 1 -0.00180000000000025
3856 4.953 3.6276 1 -0.0017999999999998
3857 4.953 3.6258 1 -0.00180000000000025
3858 4.953 3.6241 1 -0.00170000000000003
3859 4.953 3.6223 1 -0.0017999999999998
3860 4.953 3.6206 1 -0.00170000000000003
3861 4.953 3.6188 1 -0.00180000000000025
3862 4.953 3.617 1 -0.0017999999999998
3863 4.953 3.6153 1 -0.00170000000000003
3864 4.953 3.6135 1 -0.0017999999999998
3865 4.953 3.6118 1 -0.00170000000000003
3866 4.953 3.61 1 -0.00180000000000025
3867 4.953 3.6083 1 -0.00170000000000003
3868 4.953 3.6065 1 -0.0017999999999998
3869 4.953 3.6048 1 -0.00170000000000003
3870 4.953 3.603 1 -0.0017999999999998
3871 4.953 3.6013 1 -0.00170000000000003
3872 4.953 3.5996 1 -0.00170000000000003
3873 4.953 3.5978 1 -0.00180000000000025
3874 4.953 3.5961 1 -0.00170000000000003
3875 4.953 3.5944 1 -0.00170000000000003
3876 4.953 3.5926 1 -0.0017999999999998
3877 4.953 3.5909 1 -0.00170000000000003
3878 4.953 3.5892 1 -0.00170000000000003
3879 4.953 3.5874 1 -0.0017999999999998
3880 4.953 3.5857 1 -0.00170000000000003
3881 4.953 3.584 1 -0.00170000000000003
3882 4.953 3.5823 1 -0.00170000000000003
3883 4.953 3.5805 1 -0.00180000000000025
3884 4.953 3.5788 1 -0.00169999999999959
3885 4.953 3.5771 1 -0.00170000000000003
3886 4.953 3.5754 1 -0.00170000000000003
3887 4.953 3.5737 1 -0.00170000000000003
3888 4.953 3.572 1 -0.00170000000000003
3889 4.953 3.5703 1 -0.00170000000000003
3890 4.953 3.5685 1 -0.00180000000000025
3891 4.953 3.5668 1 -0.00169999999999959
3892 4.953 3.5651 1 -0.00170000000000003
3893 4.953 3.5634 1 -0.00170000000000003
3894 4.953 3.5617 1 -0.00170000000000003
3895 4.953 3.56 1 -0.00170000000000003
3896 4.953 3.5583 1 -0.00170000000000003
3897 4.953 3.5566 1 -0.00170000000000003
3898 4.953 3.5549 1 -0.00170000000000003
3899 4.953 3.5532 1 -0.00170000000000003
3900 4.953 3.5515 1 -0.00170000000000003
3901 4.953 3.5498 1 -0.00170000000000003
3902 4.953 3.5481 1 -0.00170000000000003
3903 4.953 3.5464 1 -0.00169999999999959
3904 4.953 3.5447 1 -0.00170000000000003
3905 4.953 3.543 1 -0.00170000000000003
3906 4.953 3.5413 1 -0.00170000000000003
3907 4.953 3.5396 1 -0.00170000000000003
3908 4.953 3.5379 1 -0.00170000000000003
3909 4.953 3.5362 1 -0.00170000000000003
3910 4.953 3.5345 1 -0.00170000000000003
3911 4.953 3.5328 1 -0.00170000000000003
3912 4.953 3.5311 1 -0.00170000000000003
3913 4.953 3.5294 1 -0.00170000000000003
3914 4.953 3.5277 1 -0.00170000000000003
3915 4.953 3.526 1 -0.00170000000000003
3916 4.953 3.5243 1 -0.00169999999999959
3917 4.953 3.5227 1 -0.00160000000000027
3918 4.953 3.521 1 -0.00170000000000003
3919 4.953 3.5193 1 -0.00170000000000003
3920 4.953 3.5176 1 -0.00170000000000003
3921 4.953 3.516 1 -0.00159999999999982
3922 4.953 3.5143 1 -0.00170000000000003
3923 4.953 3.5126 1 -0.00170000000000003
3924 4.953 3.5109 1 -0.00170000000000003
3925 4.953 3.5093 1 -0.00159999999999982
3926 4.953 3.5076 1 -0.00170000000000003
3927 4.953 3.5059 1 -0.00170000000000003
3928 4.953 3.5043 1 -0.00159999999999982
3929 4.953 3.5026 1 -0.00170000000000003
3930 4.953 3.5009 1 -0.00170000000000003
3931 4.953 3.4992 1 -0.00170000000000003
3932 4.953 3.4976 1 -0.00160000000000027
3933 4.953 3.4959 1 -0.00170000000000003
3934 4.953 3.4942 1 -0.00169999999999959
3935 4.953 3.4926 1 -0.00160000000000027
3936 4.953 3.4909 1 -0.00170000000000003
3937 4.953 3.4892 1 -0.00170000000000003
3938 4.953 3.4876 1 -0.00159999999999982
3939 4.953 3.4859 1 -0.00170000000000003
3940 4.953 3.4842 1 -0.00170000000000003
3941 4.953 3.4826 1 -0.00159999999999982
3942 4.953 3.4809 1 -0.00170000000000003
3943 4.953 3.4793 1 -0.00160000000000027
3944 4.953 3.4776 1 -0.00170000000000003
3945 4.953 3.4759 1 -0.00169999999999959
3946 4.953 3.4743 1 -0.00160000000000027
3947 4.953 3.4726 1 -0.00170000000000003
3948 4.953 3.4709 1 -0.00170000000000003
3949 4.953 3.4693 1 -0.00159999999999982
3950 4.953 3.4676 1 -0.00170000000000003
3951 4.953 3.466 1 -0.00159999999999982
3952 4.953 3.4643 1 -0.00170000000000003
3953 4.953 3.4626 1 -0.00170000000000003
3954 4.953 3.461 1 -0.00160000000000027
3955 4.953 3.4593 1 -0.00170000000000003
3956 4.953 3.4577 1 -0.00159999999999982
3957 4.953 3.456 1 -0.00170000000000003
3958 4.953 3.4544 1 -0.00159999999999982
3959 4.953 3.4527 1 -0.00170000000000003
3960 4.953 3.4511 1 -0.00160000000000027
3961 4.953 3.4494 1 -0.00170000000000003
3962 4.953 3.4478 1 -0.00159999999999982
3963 4.953 3.4461 1 -0.00170000000000003
3964 4.953 3.4445 1 -0.00159999999999982
3965 4.953 3.4428 1 -0.00170000000000003
3966 4.953 3.4412 1 -0.00160000000000027
3967 4.953 3.4395 1 -0.00170000000000003
3968 4.953 3.4379 1 -0.00159999999999982
3969 4.953 3.4362 1 -0.00170000000000003
3970 4.953 3.4346 1 -0.00159999999999982
3971 4.953 3.4329 1 -0.00170000000000003
3972 4.953 3.4313 1 -0.00160000000000027
3973 4.953 3.4297 1 -0.00159999999999982
3974 4.953 3.428 1 -0.00170000000000003
3975 4.953 3.4264 1 -0.00159999999999982
3976 4.953 3.4248 1 -0.00160000000000027
3977 4.953 3.4231 1 -0.00170000000000003
3978 4.953 3.4215 1 -0.00159999999999982
3979 4.953 3.4199 1 -0.00159999999999982
3980 4.953 3.4182 1 -0.00170000000000003
3981 4.953 3.4166 1 -0.00160000000000027
3982 4.953 3.415 1 -0.00159999999999982
3983 4.953 3.4134 1 -0.00159999999999982
3984 4.953 3.4117 1 -0.00170000000000003
3985 4.953 3.4101 1 -0.00160000000000027
3986 4.953 3.4085 1 -0.00159999999999982
3987 4.953 3.4069 1 -0.00160000000000027
3988 4.953 3.4053 1 -0.00159999999999982
3989 4.953 3.4036 1 -0.00170000000000003
3990 4.953 3.402 1 -0.00159999999999982
3991 4.953 3.4004 1 -0.00160000000000027
3992 4.953 3.3988 1 -0.00159999999999982
3993 4.953 3.3972 1 -0.00159999999999982
3994 4.953 3.3956 1 -0.00160000000000027
3995 4.953 3.394 1 -0.00159999999999982
3996 4.953 3.3923 1 -0.00170000000000003
3997 4.953 3.3907 1 -0.00160000000000027
3998 4.953 3.3891 1 -0.00159999999999982
3999 4.953 3.3875 1 -0.00159999999999982
4000 4.953 3.3859 1 -0.00160000000000027
