"t" "Tt" "Vt" "dt" "Vdt"
2005 2.223 7.2082 1 -0.0011000000000001
2105 1 7.1833 100 -0.000248999999999997
2205 1 7.1578 100 -0.000255000000000001
2305 1 7.1376 100 -0.000202
2405 1 7.118 100 -0.000195999999999996
2505 1 7.0997 100 -0.000183
2605 1 7.078 100 -0.000217000000000001
2705 1 7.0598 100 -0.000182000000000002
2805 1 7.04 100 -0.000198
2905 1 7.0236 100 -0.000164
3005 1 7.0071 100 -0.000164999999999997
3105 1 6.9868 100 -0.000203000000000007
3205 1 6.9721 100 -0.000146999999999995
3305 1 6.9548 100 -0.000173000000000005
3405 1 6.9377 100 -0.000170999999999992
3505 1 6.9199 100 -0.000178000000000003
3605 1 6.904 100 -0.000159000000000002
3705 1 6.8862 100 -0.000178000000000003
3805 1 6.8708 100 -0.000153999999999996
3905 1 6.8551 100 -0.000156999999999998
4005 1 6.8385 100 -0.000166000000000004
4105 1 6.8238 100 -0.000146999999999995
4205 1 6.8075 100 -0.000163000000000002
4305 1 6.7904 100 -0.000171000000000001
4405 1 6.7756 100 -0.000148000000000001
4505 1 6.7601 100 -0.000154999999999994
4605 1 6.7431 100 -0.000170000000000003
4705 1 6.729 100 -0.000141
4805 1 6.7126 100 -0.000164
4905 1 6.699 100 -0.000136000000000003
5005 1 6.6814 100 -0.000175999999999998
5105 1 6.6669 100 -0.000145
5205 1 6.6525 100 -0.000144000000000002
5305 1 6.6373 100 -0.000152000000000001
5405 1 6.6209 100 -0.000164
5505 1 6.6056 100 -0.000152999999999999
5605 1 6.5941 100 -0.000114999999999998
5705 1 6.5771 100 -0.000170000000000003
5805 1 6.5627 100 -0.000143999999999993
5905 1 6.546 100 -0.000167000000000002
6005 1 6.5322 100 -0.000138000000000007
6105 1 6.515 100 -0.000171999999999999
6205 1 6.502 100 -0.000129999999999999
6305 1 6.4863 100 -0.000156999999999998
6405 1 6.4699 100 -0.000164
6505 1 6.4581 100 -0.000118
6605 1 6.4407 100 -0.000174000000000003
6705 1 6.4256 100 -0.000150999999999994
6805 1 6.4104 100 -0.000152000000000001
6905 1 6.3933 100 -0.000171000000000001
7005 1 6.3782 100 -0.000151000000000003
7105 1 6.3633 100 -0.000148999999999999
7205 1 6.3444 100 -0.000188999999999995
7305 1 6.3314 100 -0.000129999999999999
7405 1 6.3139 100 -0.000175000000000001
7505 1 6.2979 100 -0.00016
7605 1 6.2811 100 -0.000167999999999999
7705 1 6.2651 100 -0.00016
7805 1 6.247 100 -0.000181000000000004
7905 1 6.231 100 -0.00016
8005 1 6.2149 100 -0.000160999999999998
8105 1 6.1961 100 -0.000187999999999997
8205 1 6.1794 100 -0.000167000000000002
8305 1 6.1597 100 -0.000197000000000003
8405 1 6.1441 100 -0.000156000000000001
8505 1 6.1245 100 -0.000195999999999996
8605 1 6.1054 100 -0.000190999999999999
8705 1 6.087 100 -0.000184000000000006
8805 1 6.0671 100 -0.000198999999999998
8905 1 6.0472 100 -0.000198999999999998
9005 1 6.027 100 -0.000202
9105 1 6.0053 100 -0.000217000000000001
9205 1 5.9837 100 -0.000216000000000003
9305 1 5.9635 100 -0.000202
9405 1 5.9394 100 -0.000240999999999998
9505 1 5.918 100 -0.000213999999999999
9605 1 5.8957 100 -0.000223000000000004
9705 1 5.8746 100 -0.000210999999999997
9805 1 5.8523 100 -0.000223000000000004
9905 1 5.8328 100 -0.000194999999999999
10005 1 5.8112 100 -0.000215999999999994
10105 1 5.7923 100 -0.000189000000000004
10205 1 5.7721 100 -0.000202
10305 1 5.754 100 -0.000181000000000004
10405 1 5.7363 100 -0.000176999999999996
10505 1 5.7156 100 -0.000206999999999997
10605 1 5.6974 100 -0.000182000000000002
10705 1 5.6811 100 -0.000163000000000002
10805 1 5.662 100 -0.000190999999999999
10905 1 5.6464 100 -0.000156000000000001
11005 1 5.6262 100 -0.000202
11105 1 5.6087 100 -0.000175000000000001
11205 1 5.5917 100 -0.000169999999999995
11305 1 5.5782 100 -0.000135000000000005
11405 1 5.5599 100 -0.000183
11505 1 5.5451 100 -0.000148000000000001
11605 1 5.5303 100 -0.000147999999999993
11705 1 5.5131 100 -0.000172000000000008
11805 1 5.4983 100 -0.000147999999999993
11905 1 5.4837 100 -0.000146000000000006
12005 1 5.4675 100 -0.000161999999999995
12105 1 5.4535 100 -0.000140000000000002
12205 1 5.4387 100 -0.000148000000000001
12305 1 5.4247 100 -0.000140000000000002
12405 1 5.4101 100 -0.000145999999999997
12505 1 5.3964 100 -0.000137
12605 1 5.3827 100 -0.000137
12705 1 5.3668 100 -0.000159000000000002
12805 1 5.3541 100 -0.000126999999999997
12905 1 5.3409 100 -0.000131999999999994
13005 1 5.3263 100 -0.000146000000000006
13105 1 5.3131 100 -0.000131999999999994
13205 1 5.301 100 -0.000121000000000002
13305 1 5.2863 100 -0.000147000000000004
13405 1 5.275 100 -0.000112999999999994
13505 1 5.2611 100 -0.000139000000000005
13605 1 5.2509 100 -0.000102000000000002
13705 1 5.2367 100 -0.000141999999999998
13805 1 5.2274 100 -9.29999999999964e-05
13905 1 5.2125 100 -0.000148999999999999
14005 1 5.2012 100 -0.000113000000000003
14105 1 5.1889 100 -0.000122999999999998
14205 1 5.1791 100 -9.80000000000025e-05
14305 1 5.1668 100 -0.000122999999999998
14405 1 5.157 100 -9.80000000000025e-05
14505 1 5.1447 100 -0.000122999999999998
14605 1 5.1341 100 -0.000106000000000002
14705 1 5.1243 100 -9.80000000000025e-05
14805 1 5.1154 100 -8.89999999999969e-05
14905 1 5.1046 100 -0.000108000000000006
15005 1 5.0947 100 -9.90000000000002e-05
15105 1 5.086 100 -8.69999999999926e-05
15205 1 5.076 100 -0.000100000000000007
15305 1 5.069 100 -6.99999999999967e-05
15405 1 5.0572 100 -0.000118
15505 1 5.0515 100 -5.70000000000004e-05
15605 1 5.0429 100 -8.5999999999995e-05
15705 1 5.0346 100 -8.3000000000002e-05
15805 1 5.0275 100 -7.10000000000033e-05
15905 1 5.0192 100 -8.3000000000002e-05
16005 1 5.011 100 -8.19999999999954e-05
16105 1 5.0045 100 -6.49999999999995e-05
16205 1 4.9953 100 -9.19999999999988e-05
16305 1 4.9889 100 -6.40000000000018e-05
16405 1 4.9806 100 -8.3000000000002e-05
16505 1 4.9751 100 -5.49999999999962e-05
16605 1 4.9663 100 -8.79999999999992e-05
16705 1 4.9596 100 -6.70000000000037e-05
16805 1 4.9541 100 -5.49999999999962e-05
16905 1 4.9454 100 -8.70000000000015e-05
17005 1 4.9403 100 -5.10000000000055e-05
17105 1 4.9322 100 -8.09999999999977e-05
17205 1 4.9251 100 -7.10000000000033e-05
17305 1 4.9198 100 -5.29999999999919e-05
17405 1 4.9132 100 -6.6000000000006e-05
17505 1 4.9071 100 -6.09999999999999e-05
17605 1 4.9011 100 -6.00000000000023e-05
17705 1 4.894 100 -7.09999999999944e-05
17805 1 4.8878 100 -6.19999999999976e-05
17905 1 4.8828 100 -5.00000000000078e-05
18005 1 4.8766 100 -6.19999999999976e-05
18105 1 4.8692 100 -7.39999999999963e-05
18205 1 4.864 100 -5.20000000000032e-05
18305 1 4.8582 100 -5.79999999999981e-05
18405 1 4.8505 100 -7.69999999999982e-05
18505 1 4.8466 100 -3.90000000000068e-05
18605 1 4.8398 100 -6.79999999999925e-05
18705 1 4.8337 100 -6.09999999999999e-05
18805 1 4.8288 100 -4.90000000000013e-05
18905 1 4.8229 100 -5.90000000000046e-05
19005 1 4.8165 100 -6.40000000000018e-05
19105 1 4.8113 100 -5.19999999999943e-05
19205 1 4.8058 100 -5.5000000000005e-05
19305 1 4.8 100 -5.79999999999981e-05
19405 1 4.7945 100 -5.49999999999962e-05
19505 1 4.7893 100 -5.20000000000032e-05
19605 1 4.7838 100 -5.49999999999962e-05
19705 1 4.7791 100 -4.70000000000059e-05
19805 1 4.7736 100 -5.49999999999962e-05
19905 1 4.7696 100 -4.00000000000045e-05
20005 1 4.7618 100 -7.79999999999959e-05
20105 1 4.7584 100 -3.40000000000007e-05
20205 1 4.7528 100 -5.60000000000027e-05
20305 1 4.7472 100 -5.59999999999938e-05
20405 1 4.7448 100 -2.40000000000062e-05
20505 1 4.7381 100 -6.69999999999948e-05
20605 1 4.7339 100 -4.19999999999998e-05
20705 1 4.7295 100 -4.4000000000004e-05
20805 1 4.7241 100 -5.39999999999985e-05
20905 1 4.7212 100 -2.90000000000035e-05
21005 1 4.7163 100 -4.89999999999924e-05
21105 1 4.7126 100 -3.70000000000026e-05
21205 1 4.7092 100 -3.40000000000007e-05
21305 1 4.7044 100 -4.80000000000036e-05
21405 1 4.6999 100 -4.49999999999928e-05
21505 1 4.6969 100 -3.00000000000011e-05
21605 1 4.6905 100 -6.40000000000018e-05
21705 1 4.6884 100 -2.10000000000043e-05
21805 1 4.6863 100 -2.09999999999955e-05
21905 1 4.681 100 -5.30000000000008e-05
22005 1 4.6772 100 -3.80000000000003e-05
22105 1 4.6763 100 -8.99999999999679e-06
22205 1 4.6716 100 -4.70000000000059e-05
22305 1 4.6676 100 -3.99999999999956e-05
22405 1 4.666 100 -1.59999999999982e-05
22505 1 4.6613 100 -4.70000000000059e-05
22605 1 4.6581 100 -3.19999999999965e-05
22705 1 4.6531 100 -4.99999999999989e-05
22805 1 4.6522 100 -9.00000000000567e-06
22905 1 4.6491 100 -3.09999999999988e-05
23005 1 4.6459 100 -3.19999999999965e-05
23105 1 4.6439 100 -1.99999999999978e-05
23205 1 4.6417 100 -2.2000000000002e-05
23305 1 4.6376 100 -4.10000000000021e-05
23405 1 4.6354 100 -2.2000000000002e-05
23505 1 4.6313 100 -4.09999999999933e-05
23605 1 4.629 100 -2.30000000000086e-05
23705 1 4.6261 100 -2.89999999999946e-05
23805 1 4.6237 100 -2.39999999999974e-05
23905 1 4.6207 100 -3.00000000000011e-05
24005 1 4.6187 100 -2.00000000000067e-05
24105 1 4.615 100 -3.69999999999937e-05
24205 1 4.6133 100 -1.70000000000048e-05
24305 1 4.6114 100 -1.90000000000001e-05
24405 1 4.6081 100 -3.29999999999941e-05
24505 1 4.6082 100 9.99999999997669e-07
24605 1 4.6023 100 -5.90000000000046e-05
24705 1 4.6012 100 -1.09999999999921e-05
24805 1 4.5973 100 -3.90000000000068e-05
24905 1 4.5975 100 2.00000000000422e-06
25005 1 4.5936 100 -3.89999999999979e-05
25105 1 4.5919 100 -1.70000000000048e-05
25205 1 4.5899 100 -1.99999999999978e-05
25305 1 4.5863 100 -3.60000000000049e-05
25405 1 4.5854 100 -8.99999999999679e-06
25505 1 4.5823 100 -3.09999999999988e-05
25605 1 4.5816 100 -7.00000000000145e-06
25705 1 4.5788 100 -2.79999999999969e-05
25805 1 4.5749 100 -3.89999999999979e-05
25905 1 4.5739 100 -1.00000000000033e-05
26005 1 4.572 100 -1.90000000000001e-05
26105 1 4.5699 100 -2.10000000000043e-05
26205 1 4.5664 100 -3.49999999999984e-05
26305 1 4.5653 100 -1.1000000000001e-05
26405 1 4.5631 100 -2.19999999999931e-05
26505 1 4.5625 100 -6.00000000000378e-06
26605 1 4.5589 100 -3.5999999999996e-05
26705 1 4.558 100 -9.00000000000567e-06
26805 1 4.5552 100 -2.79999999999969e-05
26905 1 4.553 100 -2.2000000000002e-05
27005 1 4.5508 100 -2.2000000000002e-05
27105 1 4.5483 100 -2.4999999999995e-05
27205 1 4.5482 100 -1.00000000000655e-06
27305 1 4.5435 100 -4.6999999999997e-05
27405 1 4.5431 100 -3.99999999999956e-06
27505 1 4.541 100 -2.09999999999955e-05
27605 1 4.5378 100 -3.20000000000054e-05
27705 1 4.5373 100 -4.99999999999723e-06
27805 1 4.5348 100 -2.50000000000039e-05
27905 1 4.5337 100 -1.1000000000001e-05
28005 1 4.5311 100 -2.59999999999927e-05
28105 1 4.5288 100 -2.29999999999997e-05
28205 1 4.5277 100 -1.1000000000001e-05
28305 1 4.5245 100 -3.20000000000054e-05
28405 1 4.5234 100 -1.1000000000001e-05
28505 1 4.5228 100 -5.9999999999949e-06
28605 1 4.5204 100 -2.39999999999974e-05
28705 1 4.5187 100 -1.70000000000048e-05
28805 1 4.5166 100 -2.09999999999955e-05
28905 1 4.516 100 -6.00000000000378e-06
29005 1 4.5125 100 -3.49999999999984e-05
29105 1 4.5115 100 -1.00000000000033e-05
29205 1 4.5121 100 6.00000000000378e-06
29305 1 4.5079 100 -4.19999999999998e-05
29405 1 4.5077 100 -2.00000000000422e-06
29505 1 4.5039 100 -3.80000000000003e-05
29605 1 4.5028 100 -1.1000000000001e-05
29705 1 4.5013 100 -1.50000000000006e-05
29805 1 4.4992 100 -2.09999999999955e-05
29905 1 4.497 100 -2.2000000000002e-05
30005 1 4.4971 100 9.99999999997669e-07
30105 1 4.4939 100 -3.19999999999965e-05
30205 1 4.493 100 -8.99999999999679e-06
30305 1 4.4908 100 -2.2000000000002e-05
30405 1 4.4876 100 -3.20000000000054e-05
30505 1 4.486 100 -1.59999999999982e-05
30605 1 4.4855 100 -4.99999999999723e-06
30705 1 4.4834 100 -2.10000000000043e-05
30805 1 4.4812 100 -2.19999999999931e-05
30905 1 4.4801 100 -1.1000000000001e-05
31005 1 4.4775 100 -2.60000000000016e-05
31105 1 4.4774 100 -9.99999999997669e-07
31205 1 4.4736 100 -3.80000000000003e-05
31305 1 4.4723 100 -1.30000000000052e-05
31405 1 4.4705 100 -1.79999999999936e-05
31505 1 4.469 100 -1.50000000000006e-05
31605 1 4.4682 100 -7.99999999999912e-06
31705 1 4.4649 100 -3.3000000000003e-05
31805 1 4.4651 100 1.99999999999534e-06
31905 1 4.4625 100 -2.59999999999927e-05
32005 1 4.4611 100 -1.40000000000029e-05
32105 1 4.4591 100 -1.99999999999978e-05
32205 1 4.4578 100 -1.30000000000052e-05
32305 1 4.4574 100 -3.99999999999956e-06
32405 1 4.4537 100 -3.69999999999937e-05
32505 1 4.4536 100 -1.00000000000655e-06
32605 1 4.4516 100 -1.99999999999978e-05
32705 1 4.4495 100 -2.10000000000043e-05
32805 1 4.4481 100 -1.3999999999994e-05
32905 1 4.4463 100 -1.80000000000025e-05
33005 1 4.4439 100 -2.39999999999974e-05
33105 1 4.4441 100 1.99999999999534e-06
33205 1 4.4412 100 -2.89999999999946e-05
33305 1 4.4402 100 -1.00000000000033e-05
33405 1 4.4383 100 -1.90000000000001e-05
33505 1 4.4361 100 -2.2000000000002e-05
33605 1 4.4354 100 -7.00000000000145e-06
33705 1 4.4344 100 -9.99999999999446e-06
33805 1 4.432 100 -2.39999999999974e-05
33905 1 4.4313 100 -7.00000000000145e-06
34005 1 4.4294 100 -1.90000000000001e-05
34105 1 4.4274 100 -2.00000000000067e-05
34205 1 4.4258 100 -1.59999999999982e-05
34305 1 4.425 100 -7.99999999999912e-06
34405 1 4.4226 100 -2.39999999999974e-05
34505 1 4.422 100 -6.00000000000378e-06
34605 1 4.4211 100 -8.99999999999679e-06
34705 1 4.417 100 -4.10000000000021e-05
34805 1 4.4174 100 3.99999999999956e-06
34905 1 4.4168 100 -5.9999999999949e-06
35005 1 4.4146 100 -2.2000000000002e-05
35105 1 4.4133 100 -1.30000000000052e-05
35205 1 4.4113 100 -1.99999999999978e-05
35305 1 4.4098 100 -1.50000000000006e-05
35405 1 4.4086 100 -1.19999999999987e-05
35505 1 4.4063 100 -2.29999999999997e-05
35605 1 4.4054 100 -8.99999999999679e-06
35705 1 4.4033 100 -2.10000000000043e-05
35805 1 4.4022 100 -1.1000000000001e-05
35905 1 4.4024 100 2.00000000000422e-06
36005 1 4.4002 100 -2.2000000000002e-05
36105 1 4.3984 100 -1.80000000000025e-05
36205 1 4.3975 100 -8.99999999999679e-06
36305 1 4.3957 100 -1.80000000000025e-05
36405 1 4.3954 100 -2.99999999999301e-06
36505 1 4.3951 100 -3.00000000000189e-06
36605 1 4.3921 100 -3.00000000000011e-05
36705 1 4.3927 100 5.9999999999949e-06
36805 1 4.3907 100 -1.99999999999978e-05
36905 1 4.3882 100 -2.4999999999995e-05
37005 1 4.3881 100 -1.00000000000655e-06
37105 1 4.3874 100 -6.99999999999257e-06
37205 1 4.3842 100 -3.20000000000054e-05
37305 1 4.3864 100 2.2000000000002e-05
37405 1 4.3835 100 -2.90000000000035e-05
37505 1 4.383 100 -4.99999999999723e-06
37605 1 4.3826 100 -3.99999999999956e-06
37705 1 4.3809 100 -1.70000000000048e-05
37805 1 4.3791 100 -1.79999999999936e-05
37905 1 4.3797 100 5.9999999999949e-06
38005 1 4.3778 100 -1.90000000000001e-05
38105 1 4.3771 100 -6.99999999999257e-06
38205 1 4.3761 100 -1.00000000000033e-05
38305 1 4.3742 100 -1.90000000000001e-05
38405 1 4.3742 100 0
38505 1 4.3717 100 -2.50000000000039e-05
38605 1 4.3714 100 -2.99999999999301e-06
38705 1 4.3712 100 -2.00000000000422e-06
38805 1 4.371 100 -1.99999999999534e-06
38905 1 4.3687 100 -2.30000000000086e-05
39005 1 4.3694 100 7.00000000000145e-06
39105 1 4.3662 100 -3.19999999999965e-05
39205 1 4.3671 100 8.99999999999679e-06
39305 1 4.3654 100 -1.69999999999959e-05
39405 1 4.365 100 -3.99999999999956e-06
39505 1 4.3631 100 -1.90000000000001e-05
39605 1 4.3645 100 1.3999999999994e-05
39705 1 4.3607 100 -3.80000000000003e-05
39805 1 4.3628 100 2.10000000000043e-05
39905 1 4.3618 100 -1.00000000000033e-05
40005 1 4.3598 100 -1.99999999999978e-05
40105 1 4.3589 100 -8.99999999999679e-06
40205 1 4.3587 100 -2.00000000000422e-06
40305 1 4.3578 100 -8.99999999999679e-06
40405 1 4.357 100 -7.99999999999912e-06
40505 1 4.3577 100 7.00000000000145e-06
40605 1 4.3538 100 -3.90000000000068e-05
40705 1 4.3559 100 2.10000000000043e-05
40805 1 4.3553 100 -6.00000000000378e-06
40905 1 4.3553 100 0
41005 1 4.3531 100 -2.19999999999931e-05
41105 1 4.3532 100 9.99999999997669e-07
41205 1 4.3526 100 -6.00000000000378e-06
41305 1 4.3527 100 9.99999999997669e-07
41405 1 4.3507 100 -1.99999999999978e-05
41505 1 4.35 100 -7.00000000000145e-06
41605 1 4.3501 100 1.00000000000655e-06
41705 1 4.3487 100 -1.40000000000029e-05
41805 1 4.3496 100 8.99999999999679e-06
41905 1 4.3474 100 -2.19999999999931e-05
42005 1 4.3475 100 9.99999999997669e-07
42105 1 4.3461 100 -1.40000000000029e-05
42205 1 4.3446 100 -1.50000000000006e-05
42305 1 4.3462 100 1.59999999999982e-05
42405 1 4.3436 100 -2.59999999999927e-05
42505 1 4.3431 100 -5.00000000000611e-06
42605 1 4.3429 100 -1.99999999999534e-06
42705 1 4.3424 100 -5.00000000000611e-06
42805 1 4.3422 100 -1.99999999999534e-06
42905 1 4.3398 100 -2.39999999999974e-05
43005 1 4.3411 100 1.29999999999963e-05
43105 1 4.3419 100 7.99999999999912e-06
43205 1 4.3396 100 -2.29999999999997e-05
43305 1 4.3387 100 -8.99999999999679e-06
43405 1 4.3391 100 3.99999999999956e-06
43505 1 4.3378 100 -1.30000000000052e-05
43605 1 4.3369 100 -8.99999999999679e-06
43705 1 4.3359 100 -1.00000000000033e-05
43805 1 4.3361 100 2.00000000000422e-06
43905 1 4.3363 100 1.99999999999534e-06
44005 1 4.3345 100 -1.79999999999936e-05
44105 1 4.336 100 1.50000000000006e-05
44205 1 4.3349 100 -1.1000000000001e-05
44305 1 4.3342 100 -7.00000000000145e-06
44405 1 4.3338 100 -3.99999999999956e-06
44505 1 4.333 100 -7.99999999999912e-06
44605 1 4.3324 100 -6.00000000000378e-06
44705 1 4.3319 100 -4.99999999999723e-06
44805 1 4.3324 100 4.99999999999723e-06
44905 1 4.3311 100 -1.29999999999963e-05
45005 1 4.3323 100 1.19999999999987e-05
45105 1 4.3304 100 -1.90000000000001e-05
45205 1 4.3311 100 7.00000000000145e-06
45305 1 4.33 100 -1.1000000000001e-05
45405 1 4.3299 100 -9.99999999997669e-07
45505 1 4.3287 100 -1.19999999999987e-05
45605 1 4.3296 100 8.99999999999679e-06
45705 1 4.3278 100 -1.80000000000025e-05
45805 1 4.3286 100 7.99999999999912e-06
45905 1 4.3263 100 -2.29999999999997e-05
46005 1 4.327 100 7.00000000000145e-06
46105 1 4.327 100 0
46205 1 4.3255 100 -1.50000000000006e-05
46305 1 4.3268 100 1.30000000000052e-05
46405 1 4.3258 100 -1.00000000000033e-05
46505 1 4.3248 100 -1.00000000000033e-05
46605 1 4.3237 100 -1.1000000000001e-05
46705 1 4.3248 100 1.1000000000001e-05
46805 1 4.323 100 -1.79999999999936e-05
46905 1 4.3231 100 9.99999999997669e-07
47005 1 4.3234 100 3.00000000000189e-06
47105 1 4.3237 100 2.99999999999301e-06
47205 1 4.3201 100 -3.5999999999996e-05
47305 1 4.3222 100 2.09999999999955e-05
47405 1 4.3214 100 -7.99999999999912e-06
47505 1 4.3215 100 1.00000000000655e-06
47605 1 4.3212 100 -3.00000000000189e-06
47705 1 4.3199 100 -1.30000000000052e-05
47805 1 4.3201 100 2.00000000000422e-06
47905 1 4.3196 100 -4.99999999999723e-06
48005 1 4.32 100 3.99999999999956e-06
48105 1 4.3173 100 -2.69999999999992e-05
48205 1 4.3193 100 1.99999999999978e-05
48305 1 4.3163 100 -3.00000000000011e-05
48405 1 4.318 100 1.69999999999959e-05
48505 1 4.3173 100 -6.99999999999257e-06
48605 1 4.3169 100 -3.99999999999956e-06
48705 1 4.3162 100 -7.00000000000145e-06
48805 1 4.3159 100 -3.00000000000189e-06
48905 1 4.3158 100 -9.99999999997669e-07
49005 1 4.3165 100 6.99999999999257e-06
49105 1 4.3155 100 -9.99999999999446e-06
49205 1 4.315 100 -4.99999999999723e-06
49305 1 4.3158 100 7.99999999999912e-06
49405 1 4.3137 100 -2.10000000000043e-05
49505 1 4.3153 100 1.59999999999982e-05
49605 1 4.3141 100 -1.19999999999987e-05
49705 1 4.3134 100 -7.00000000000145e-06
49805 1 4.3129 100 -4.99999999999723e-06
49905 1 4.3151 100 2.2000000000002e-05
50005 1 4.312 100 -3.09999999999988e-05
50105 1 4.3142 100 2.19999999999931e-05
50205 1 4.3126 100 -1.59999999999982e-05
50305 1 4.3132 100 6.00000000000378e-06
50405 1 4.312 100 -1.19999999999987e-05
50505 1 4.3125 100 4.99999999999723e-06
50605 1 4.3122 100 -3.00000000000189e-06
50705 1 4.3122 100 0
50805 1 4.3108 100 -1.3999999999994e-05
50905 1 4.3107 100 -1.00000000000655e-06
51005 1 4.3116 100 9.00000000000567e-06
51105 1 4.3091 100 -2.50000000000039e-05
51205 1 4.3118 100 2.69999999999992e-05
51305 1 4.3107 100 -1.1000000000001e-05
51405 1 4.3098 100 -8.99999999999679e-06
51505 1 4.3108 100 1.00000000000033e-05
51605 1 4.3109 100 9.99999999997669e-07
51705 1 4.3096 100 -1.30000000000052e-05
51805 1 4.311 100 1.40000000000029e-05
51905 1 4.3096 100 -1.40000000000029e-05
52005 1 4.3092 100 -3.99999999999956e-06
52105 1 4.3095 100 3.00000000000189e-06
52205 1 4.3085 100 -9.99999999999446e-06
52305 1 4.3076 100 -9.00000000000567e-06
52405 1 4.3093 100 1.70000000000048e-05
52505 1 4.3084 100 -9.00000000000567e-06
52605 1 4.3089 100 5.00000000000611e-06
52705 1 4.3087 100 -2.00000000000422e-06
52805 1 4.3078 100 -8.99999999999679e-06
52905 1 4.3087 100 8.99999999999679e-06
53005 1 4.3082 100 -4.99999999999723e-06
53105 1 4.3071 100 -1.1000000000001e-05
53205 1 4.308 100 8.99999999999679e-06
53305 1 4.3077 100 -3.00000000000189e-06
53405 1 4.3061 100 -1.59999999999982e-05
53505 1 4.3085 100 2.40000000000062e-05
53605 1 4.307 100 -1.50000000000006e-05
53705 1 4.3064 100 -6.00000000000378e-06
53805 1 4.3085 100 2.10000000000043e-05
53905 1 4.3072 100 -1.30000000000052e-05
54005 1 4.3073 100 9.99999999997669e-07
54105 1 4.3075 100 2.00000000000422e-06
54205 1 4.3056 100 -1.90000000000001e-05
54305 1 4.3058 100 1.99999999999534e-06
54405 1 4.3066 100 8.000000000008e-06
54505 1 4.3061 100 -5.00000000000611e-06
54605 1 4.3058 100 -3.00000000000189e-06
54705 1 4.3046 100 -1.19999999999987e-05
54805 1 4.3066 100 2.00000000000067e-05
54905 1 4.3055 100 -1.1000000000001e-05
55005 1 4.3059 100 3.99999999999956e-06
55105 1 4.3063 100 3.99999999999956e-06
55205 1 4.3054 100 -9.00000000000567e-06
55305 1 4.304 100 -1.3999999999994e-05
55405 1 4.3058 100 1.79999999999936e-05
55505 1 4.3046 100 -1.19999999999987e-05
55605 1 4.3051 100 5.00000000000611e-06
55705 1 4.3046 100 -5.00000000000611e-06
55805 1 4.3052 100 6.00000000000378e-06
55905 1 4.3038 100 -1.40000000000029e-05
56005 1 4.305 100 1.19999999999987e-05
56105 1 4.3042 100 -7.99999999999912e-06
56205 1 4.3037 100 -4.99999999999723e-06
56305 1 4.3034 100 -3.00000000000189e-06
56405 1 4.3044 100 1.00000000000033e-05
56505 1 4.3028 100 -1.59999999999982e-05
56605 1 4.3035 100 6.99999999999257e-06
56705 1 4.3033 100 -1.99999999999534e-06
56805 1 4.3031 100 -2.00000000000422e-06
56905 1 4.3036 100 5.00000000000611e-06
57005 1 4.3032 100 -3.99999999999956e-06
57105 1 4.304 100 7.99999999999912e-06
57205 1 4.3017 100 -2.29999999999997e-05
57305 1 4.3036 100 1.90000000000001e-05
57405 1 4.3031 100 -5.00000000000611e-06
57505 1 4.3018 100 -1.29999999999963e-05
57605 1 4.3019 100 9.99999999997669e-07
57705 1 4.303 100 1.1000000000001e-05
57805 1 4.3014 100 -1.59999999999982e-05
57905 1 4.3033 100 1.90000000000001e-05
58005 1 4.3019 100 -1.40000000000029e-05
58105 1 4.3032 100 1.30000000000052e-05
58205 1 4.3028 100 -3.99999999999956e-06
58305 1 4.3018 100 -1.00000000000033e-05
58405 1 4.3028 100 1.00000000000033e-05
58505 1 4.302 100 -8.000000000008e-06
58605 1 4.3016 100 -3.99999999999956e-06
58705 1 4.3015 100 -9.99999999997669e-07
58805 1 4.3018 100 3.00000000000189e-06
58905 1 4.3013 100 -4.99999999999723e-06
59005 1 4.3041 100 2.79999999999969e-05
59105 1 4.3 100 -4.10000000000021e-05
59205 1 4.3029 100 2.90000000000035e-05
59305 1 4.3024 100 -5.00000000000611e-06
59405 1 4.3014 100 -9.99999999999446e-06
59505 1 4.3016 100 1.99999999999534e-06
59605 1 4.3019 100 3.00000000000189e-06
59705 1 4.3004 100 -1.50000000000006e-05
59805 1 4.3014 100 1.00000000000033e-05
59905 1 4.3005 100 -8.99999999999679e-06
60005 1 4.3008 100 2.99999999999301e-06
60105 1 4.3011 100 3.00000000000189e-06
60205 1 4.3004 100 -7.00000000000145e-06
60305 1 4.3006 100 2.00000000000422e-06
60405 1 4.3008 100 1.99999999999534e-06
60505 1 4.2997 100 -1.1000000000001e-05
60605 1 4.3008 100 1.1000000000001e-05
60705 1 4.3017 100 9.00000000000567e-06
60805 1 4.3001 100 -1.60000000000071e-05
60905 1 4.3009 100 8.000000000008e-06
61005 1 4.3011 100 1.99999999999534e-06
61105 1 4.3 100 -1.1000000000001e-05
61205 1 4.2985 100 -1.50000000000006e-05
61305 1 4.3011 100 2.60000000000016e-05
61405 1 4.2996 100 -1.50000000000006e-05
61505 1 4.3005 100 9.00000000000567e-06
61605 1 4.2993 100 -1.20000000000076e-05
61705 1 4.2993 100 0
61805 1 4.3003 100 1.00000000000033e-05
61905 1 4.3006 100 3.00000000000189e-06
62005 1 4.2993 100 -1.30000000000052e-05
62105 1 4.3005 100 1.20000000000076e-05
62205 1 4.301 100 4.99999999999723e-06
62305 1 4.2983 100 -2.69999999999992e-05
62405 1 4.3001 100 1.79999999999936e-05
62505 1 4.2991 100 -9.99999999999446e-06
62605 1 4.2989 100 -2.00000000000422e-06
62705 1 4.2992 100 3.00000000000189e-06
62805 1 4.3003 100 1.1000000000001e-05
62905 1 4.2989 100 -1.40000000000029e-05
63005 1 4.3001 100 1.19999999999987e-05
63105 1 4.2993 100 -7.99999999999912e-06
63205 1 4.3009 100 1.60000000000071e-05
63305 1 4.2989 100 -2.00000000000067e-05
63405 1 4.2975 100 -1.3999999999994e-05
63505 1 4.2985 100 9.99999999999446e-06
63605 1 4.2989 100 3.99999999999956e-06
63705 1 4.2983 100 -5.9999999999949e-06
63805 1 4.2986 100 3.00000000000189e-06
63905 1 4.2988 100 1.99999999999534e-06
64005 1 4.2993 100 4.99999999999723e-06
64105 1 4.301 100 1.70000000000048e-05
64205 1 4.2978 100 -3.20000000000054e-05
64305 1 4.2987 100 9.00000000000567e-06
64405 1 4.2978 100 -9.00000000000567e-06
64505 1 4.299 100 1.20000000000076e-05
64605 1 4.2988 100 -2.00000000000422e-06
64705 1 4.2999 100 1.1000000000001e-05
64805 1 4.2979 100 -1.99999999999978e-05
64905 1 4.2987 100 7.99999999999912e-06
65005 1 4.2986 100 -9.99999999997669e-07
65105 1 4.2985 100 -1.00000000000655e-06
65205 1 4.2976 100 -8.99999999999679e-06
65305 1 4.2987 100 1.1000000000001e-05
65405 1 4.2991 100 3.99999999999956e-06
65505 1 4.2981 100 -1.00000000000033e-05
65605 1 4.2983 100 2.00000000000422e-06
65705 1 4.2982 100 -1.00000000000655e-06
65805 1 4.2983 100 1.00000000000655e-06
65905 1 4.2975 100 -7.99999999999912e-06
66005 1 4.2979 100 3.99999999999956e-06
66105 1 4.2978 100 -1.00000000000655e-06
66205 1 4.2979 100 1.00000000000655e-06
66305 1 4.2981 100 1.99999999999534e-06
66405 1 4.2983 100 2.00000000000422e-06
66505 1 4.2977 100 -6.00000000000378e-06
66605 1 4.2986 100 9.00000000000567e-06
66705 1 4.299 100 3.99999999999956e-06
66805 1 4.2971 100 -1.90000000000001e-05
66905 1 4.2983 100 1.19999999999987e-05
67005 1 4.2961 100 -2.2000000000002e-05
67105 1 4.2977 100 1.59999999999982e-05
67205 1 4.2971 100 -5.9999999999949e-06
67305 1 4.2978 100 6.99999999999257e-06
67405 1 4.2985 100 7.00000000000145e-06
67505 1 4.2971 100 -1.3999999999994e-05
67605 1 4.2985 100 1.3999999999994e-05
67705 1 4.298 100 -4.99999999999723e-06
67805 1 4.2971 100 -8.99999999999679e-06
67905 1 4.297 100 -1.00000000000655e-06
68005 1 4.2971 100 1.00000000000655e-06
68105 1 4.2984 100 1.29999999999963e-05
68205 1 4.2959 100 -2.50000000000039e-05
68305 1 4.2986 100 2.70000000000081e-05
68405 1 4.2982 100 -4.00000000000844e-06
68505 1 4.2972 100 -9.99999999999446e-06
68605 1 4.2968 100 -3.99999999999956e-06
68705 1 4.2969 100 9.99999999997669e-07
68805 1 4.2983 100 1.40000000000029e-05
68905 1 4.2983 100 0
69005 1 4.2967 100 -1.59999999999982e-05
69105 1 4.2975 100 7.99999999999912e-06
69205 1 4.2974 100 -1.00000000000655e-06
69305 1 4.2967 100 -6.99999999999257e-06
69405 1 4.2972 100 4.99999999999723e-06
69505 1 4.2972 100 0
69605 1 4.2965 100 -7.00000000000145e-06
69705 1 4.298 100 1.50000000000006e-05
69805 1 4.2977 100 -3.00000000000189e-06
69905 1 4.2978 100 9.99999999997669e-07
70005 1 4.2982 100 3.99999999999956e-06
70105 1 4.2969 100 -1.29999999999963e-05
70205 1 4.2963 100 -6.00000000000378e-06
70305 1 4.296 100 -2.99999999999301e-06
70405 1 4.2977 100 1.69999999999959e-05
70505 1 4.2957 100 -1.99999999999978e-05
70605 1 4.2964 100 7.00000000000145e-06
70705 1 4.2965 100 9.99999999997669e-07
70805 1 4.2969 100 3.99999999999956e-06
70905 1 4.2971 100 2.00000000000422e-06
71005 1 4.2958 100 -1.30000000000052e-05
71105 1 4.2968 100 1.00000000000033e-05
71205 1 4.2969 100 9.99999999997669e-07
71305 1 4.2966 100 -3.00000000000189e-06
71405 1 4.2953 100 -1.29999999999963e-05
71505 1 4.2973 100 1.99999999999978e-05
71605 1 4.2961 100 -1.19999999999987e-05
71705 1 4.2966 100 4.99999999999723e-06
71805 1 4.2969 100 3.00000000000189e-06
71905 1 4.2954 100 -1.50000000000006e-05
72005 1 4.2959 100 4.99999999999723e-06
72105 1 4.2965 100 6.00000000000378e-06
72205 1 4.2963 100 -2.00000000000422e-06
72305 1 4.2964 100 1.00000000000655e-06
72405 1 4.2958 100 -6.00000000000378e-06
72505 1 4.2954 100 -3.99999999999956e-06
72605 1 4.2973 100 1.90000000000001e-05
72705 1 4.2955 100 -1.80000000000025e-05
72805 1 4.2961 100 6.00000000000378e-06
72905 1 4.2964 100 3.00000000000189e-06
73005 1 4.2959 100 -5.00000000000611e-06
73105 1 4.2961 100 2.00000000000422e-06
73205 1 4.2952 100 -8.99999999999679e-06
73305 1 4.2963 100 1.09999999999921e-05
73405 1 4.297 100 7.00000000000145e-06
73505 1 4.2957 100 -1.29999999999963e-05
73605 1 4.2951 100 -6.00000000000378e-06
73705 1 4.297 100 1.90000000000001e-05
73805 1 4.2955 100 -1.50000000000006e-05
73905 1 4.2964 100 9.00000000000567e-06
74005 1 4.2952 100 -1.19999999999987e-05
74105 1 4.2949 100 -3.00000000000189e-06
74205 1 4.2957 100 7.99999999999912e-06
74305 1 4.2949 100 -7.99999999999912e-06
74405 1 4.2966 100 1.69999999999959e-05
74505 1 4.2946 100 -1.99999999999978e-05
74605 1 4.296 100 1.40000000000029e-05
74705 1 4.2951 100 -9.00000000000567e-06
74805 1 4.2972 100 2.10000000000043e-05
74905 1 4.2936 100 -3.60000000000049e-05
75005 1 4.296 100 2.40000000000062e-05
75105 1 4.296 100 0
75205 1 4.2942 100 -1.80000000000025e-05
75305 1 4.2951 100 8.99999999999679e-06
75405 1 4.2951 100 0
75505 1 4.2956 100 5.00000000000611e-06
75605 1 4.2949 100 -7.00000000000145e-06
75705 1 4.2962 100 1.29999999999963e-05
75805 1 4.2931 100 -3.09999999999988e-05
75905 1 4.2965 100 3.40000000000007e-05
76005 1 4.2962 100 -3.00000000000189e-06
76105 1 4.2948 100 -1.3999999999994e-05
76205 1 4.2949 100 9.99999999997669e-07
76305 1 4.2957 100 7.99999999999912e-06
76405 1 4.2947 100 -1.00000000000033e-05
76505 1 4.2962 100 1.50000000000006e-05
76605 1 4.2941 100 -2.09999999999955e-05
76705 1 4.295 100 8.99999999999679e-06
76805 1 4.2953 100 3.00000000000189e-06
76905 1 4.2944 100 -8.99999999999679e-06
77005 1 4.2943 100 -1.00000000000655e-06
77105 1 4.2947 100 3.99999999999956e-06
77205 1 4.2944 100 -2.99999999999301e-06
77305 1 4.296 100 1.59999999999982e-05
77405 1 4.2944 100 -1.59999999999982e-05
77505 1 4.294 100 -4.00000000000844e-06
77605 1 4.2953 100 1.30000000000052e-05
77705 1 4.2939 100 -1.40000000000029e-05
77805 1 4.294 100 9.99999999997669e-07
77905 1 4.2946 100 6.00000000000378e-06
78005 1 4.2942 100 -3.99999999999956e-06
78105 1 4.2949 100 7.00000000000145e-06
78205 1 4.2947 100 -2.00000000000422e-06
78305 1 4.2941 100 -5.9999999999949e-06
78405 1 4.2963 100 2.19999999999931e-05
78505 1 4.2942 100 -2.09999999999955e-05
78605 1 4.2935 100 -7.00000000000145e-06
78705 1 4.2927 100 -7.99999999999912e-06
78805 1 4.2953 100 2.60000000000016e-05
78905 1 4.2932 100 -2.10000000000043e-05
79005 1 4.2938 100 6.00000000000378e-06
79105 1 4.2943 100 4.99999999999723e-06
79205 1 4.2949 100 6.00000000000378e-06
79305 1 4.2938 100 -1.1000000000001e-05
79405 1 4.294 100 1.99999999999534e-06
79505 1 4.2937 100 -2.99999999999301e-06
79605 1 4.2947 100 9.99999999999446e-06
79705 1 4.2944 100 -2.99999999999301e-06
79805 1 4.2933 100 -1.1000000000001e-05
79905 1 4.2946 100 1.29999999999963e-05
80005 1 4.2922 100 -2.39999999999974e-05
80105 1 4.2947 100 2.4999999999995e-05
80205 1 4.2949 100 2.00000000000422e-06
80305 1 4.2937 100 -1.19999999999987e-05
80405 1 4.2929 100 -7.99999999999912e-06
80505 1 4.2953 100 2.39999999999974e-05
80605 1 4.2944 100 -8.99999999999679e-06
80705 1 4.2934 100 -1.00000000000033e-05
80805 1 4.2945 100 1.1000000000001e-05
80905 1 4.2933 100 -1.19999999999987e-05
81005 1 4.2947 100 1.3999999999994e-05
81105 1 4.2925 100 -2.19999999999931e-05
81205 1 4.2922 100 -3.00000000000189e-06
81305 1 4.2951 100 2.89999999999946e-05
81405 1 4.295 100 -9.99999999997669e-07
81505 1 4.2926 100 -2.39999999999974e-05
81605 1 4.2938 100 1.19999999999987e-05
81705 1 4.2938 100 0
81805 1 4.2933 100 -4.99999999999723e-06
81905 1 4.2934 100 9.99999999997669e-07
82005 1 4.2938 100 3.99999999999956e-06
82105 1 4.2921 100 -1.70000000000048e-05
82205 1 4.2932 100 1.1000000000001e-05
82305 1 4.2928 100 -3.99999999999956e-06
82405 1 4.2938 100 1.00000000000033e-05
82505 1 4.2945 100 7.00000000000145e-06
82605 1 4.2925 100 -1.99999999999978e-05
82705 1 4.294 100 1.49999999999917e-05
82805 1 4.2935 100 -4.99999999999723e-06
82905 1 4.2929 100 -5.9999999999949e-06
83005 1 4.2932 100 2.99999999999301e-06
83105 1 4.2939 100 7.00000000000145e-06
83205 1 4.2936 100 -3.00000000000189e-06
83305 1 4.2931 100 -4.99999999999723e-06
83405 1 4.293 100 -9.99999999997669e-07
83505 1 4.2928 100 -2.00000000000422e-06
83605 1 4.2933 100 5.00000000000611e-06
83705 1 4.2929 100 -3.99999999999956e-06
83805 1 4.2941 100 1.19999999999987e-05
83905 1 4.2925 100 -1.59999999999982e-05
84005 1 4.2928 100 2.99999999999301e-06
84105 1 4.2923 100 -4.99999999999723e-06
84205 1 4.2945 100 2.2000000000002e-05
84305 1 4.2925 100 -1.99999999999978e-05
84405 1 4.2939 100 1.3999999999994e-05
84505 1 4.2935 100 -3.99999999999956e-06
84605 1 4.2934 100 -9.99999999997669e-07
84705 1 4.2924 100 -1.00000000000033e-05
84805 1 4.2928 100 3.99999999999956e-06
84905 1 4.2917 100 -1.1000000000001e-05
85005 1 4.2934 100 1.70000000000048e-05
85105 1 4.2933 100 -9.99999999997669e-07
85205 1 4.2915 100 -1.80000000000025e-05
85305 1 4.2936 100 2.09999999999955e-05
85405 1 4.2928 100 -7.99999999999912e-06
85505 1 4.2929 100 1.00000000000655e-06
85605 1 4.2935 100 5.9999999999949e-06
85705 1 4.2929 100 -5.9999999999949e-06
85805 1 4.2915 100 -1.40000000000029e-05
85905 1 4.2938 100 2.29999999999997e-05
86005 1 4.2923 100 -1.50000000000006e-05
86105 1 4.2912 100 -1.1000000000001e-05
86205 1 4.2921 100 8.99999999999679e-06
86305 1 4.2934 100 1.30000000000052e-05
86405 1 4.2919 100 -1.50000000000006e-05
86505 1 4.2932 100 1.29999999999963e-05
86605 1 4.2928 100 -3.99999999999956e-06
86705 1 4.2935 100 7.00000000000145e-06
86805 1 4.2935 100 0
86905 1 4.2922 100 -1.29999999999963e-05
87005 1 4.2924 100 1.99999999999534e-06
87105 1 4.2924 100 0
87205 1 4.2931 100 7.00000000000145e-06
87305 1 4.291 100 -2.09999999999955e-05
87405 1 4.2923 100 1.29999999999963e-05
87505 1 4.2923 100 0
87605 1 4.2928 100 4.99999999999723e-06
87705 1 4.2924 100 -3.99999999999956e-06
87805 1 4.2934 100 1.00000000000033e-05
87905 1 4.2905 100 -2.90000000000035e-05
88005 1 4.2929 100 2.40000000000062e-05
88105 1 4.2933 100 3.99999999999956e-06
88205 1 4.2923 100 -1.00000000000033e-05
88305 1 4.2925 100 2.00000000000422e-06
88405 1 4.2926 100 9.99999999997669e-07
88505 1 4.2914 100 -1.19999999999987e-05
88605 1 4.2923 100 8.99999999999679e-06
88705 1 4.2906 100 -1.69999999999959e-05
88805 1 4.2928 100 2.19999999999931e-05
88905 1 4.2934 100 6.00000000000378e-06
89005 1 4.2908 100 -2.60000000000016e-05
89105 1 4.291 100 2.00000000000422e-06
89205 1 4.2927 100 1.69999999999959e-05
89305 1 4.2921 100 -6.00000000000378e-06
89405 1 4.2919 100 -1.99999999999534e-06
89505 1 4.2924 100 4.99999999999723e-06
89605 1 4.2913 100 -1.1000000000001e-05
89705 1 4.2914 100 1.00000000000655e-06
89805 1 4.2916 100 1.99999999999534e-06
89905 1 4.2921 100 4.99999999999723e-06
90005 1 4.2921 100 0
90105 1 4.2917 100 -3.99999999999956e-06
90205 1 4.2916 100 -9.99999999997669e-07
90305 1 4.2935 100 1.90000000000001e-05
90405 1 4.2903 100 -3.19999999999965e-05
90505 1 4.2924 100 2.09999999999955e-05
90605 1 4.2909 100 -1.50000000000006e-05
90705 1 4.2916 100 7.00000000000145e-06
90805 1 4.2908 100 -7.99999999999912e-06
90905 1 4.2912 100 3.99999999999956e-06
91005 1 4.2908 100 -3.99999999999956e-06
91105 1 4.2925 100 1.70000000000048e-05
91205 1 4.2911 100 -1.40000000000029e-05
91305 1 4.292 100 8.99999999999679e-06
91405 1 4.2902 100 -1.80000000000025e-05
91505 1 4.2911 100 9.00000000000567e-06
91605 1 4.292 100 8.99999999999679e-06
91705 1 4.291 100 -9.99999999999446e-06
91805 1 4.292 100 9.99999999999446e-06
91905 1 4.2914 100 -5.9999999999949e-06
92005 1 4.2922 100 7.99999999999912e-06
92105 1 4.2907 100 -1.50000000000006e-05
92205 1 4.2918 100 1.1000000000001e-05
92305 1 4.2919 100 9.99999999997669e-07
92405 1 4.291 100 -8.99999999999679e-06
92505 1 4.2924 100 1.3999999999994e-05
92605 1 4.2901 100 -2.29999999999997e-05
92705 1 4.2907 100 6.00000000000378e-06
92805 1 4.2925 100 1.80000000000025e-05
92905 1 4.2892 100 -3.3000000000003e-05
93005 1 4.2914 100 2.2000000000002e-05
93105 1 4.2912 100 -2.00000000000422e-06
93205 1 4.2912 100 0
93305 1 4.2906 100 -5.9999999999949e-06
93405 1 4.2919 100 1.29999999999963e-05
93505 1 4.2894 100 -2.50000000000039e-05
93605 1 4.2917 100 2.29999999999997e-05
93705 1 4.2894 100 -2.29999999999997e-05
93805 1 4.2912 100 1.80000000000025e-05
93905 1 4.2911 100 -9.99999999997669e-07
94005 1 4.2906 100 -4.99999999999723e-06
94105 1 4.2898 100 -8.000000000008e-06
94205 1 4.2921 100 2.29999999999997e-05
94305 1 4.2907 100 -1.3999999999994e-05
94405 1 4.2909 100 1.99999999999534e-06
94505 1 4.2906 100 -2.99999999999301e-06
94605 1 4.2902 100 -4.00000000000844e-06
94705 1 4.292 100 1.80000000000025e-05
94805 1 4.2906 100 -1.3999999999994e-05
94905 1 4.2914 100 7.99999999999912e-06
95005 1 4.2899 100 -1.50000000000006e-05
95105 1 4.2919 100 1.99999999999978e-05
95205 1 4.2903 100 -1.59999999999982e-05
95305 1 4.2904 100 9.99999999997669e-07
95405 1 4.2924 100 1.99999999999978e-05
95505 1 4.2907 100 -1.69999999999959e-05
95605 1 4.2912 100 4.99999999999723e-06
95705 1 4.2924 100 1.19999999999987e-05
95805 1 4.2886 100 -3.80000000000003e-05
95905 1 4.2917 100 3.09999999999988e-05
96005 1 4.2909 100 -7.99999999999912e-06
96105 1 4.2904 100 -4.99999999999723e-06
96205 1 4.2902 100 -2.00000000000422e-06
96305 1 4.2914 100 1.20000000000076e-05
96405 1 4.2901 100 -1.30000000000052e-05
96505 1 4.2922 100 2.10000000000043e-05
96605 1 4.2884 100 -3.80000000000003e-05
96705 1 4.2911 100 2.69999999999992e-05
96805 1 4.2923 100 1.19999999999987e-05
96905 1 4.2895 100 -2.79999999999969e-05
97005 1 4.2905 100 9.99999999999446e-06
97105 1 4.2903 100 -1.99999999999534e-06
97205 1 4.2885 100 -1.80000000000025e-05
97305 1 4.2901 100 1.59999999999982e-05
97405 1 4.2924 100 2.29999999999997e-05
97505 1 4.2896 100 -2.79999999999969e-05
97605 1 4.2915 100 1.90000000000001e-05
97705 1 4.2886 100 -2.90000000000035e-05
97805 1 4.29 100 1.40000000000029e-05
97905 1 4.2909 100 8.99999999999679e-06
98005 1 4.29 100 -8.99999999999679e-06
98105 1 4.2896 100 -3.99999999999956e-06
98205 1 4.2921 100 2.4999999999995e-05
98305 1 4.2879 100 -4.19999999999998e-05
98405 1 4.2908 100 2.90000000000035e-05
98505 1 4.2896 100 -1.19999999999987e-05
98605 1 4.2909 100 1.29999999999963e-05
98705 1 4.29 100 -8.99999999999679e-06
98805 1 4.2917 100 1.69999999999959e-05
98905 1 4.2892 100 -2.4999999999995e-05
99005 1 4.2896 100 3.99999999999956e-06
99105 1 4.2887 100 -8.99999999999679e-06
99205 1 4.2913 100 2.59999999999927e-05
99305 1 4.289 100 -2.29999999999997e-05
99405 1 4.2893 100 3.00000000000189e-06
99505 1 4.2902 100 8.99999999999679e-06
99605 1 4.2901 100 -9.99999999997669e-07
99705 1 4.2888 100 -1.29999999999963e-05
99805 1 4.2906 100 1.80000000000025e-05
99905 1 4.29 100 -6.00000000000378e-06
100005 1 4.29 100 0
100105 1 4.2902 100 1.99999999999534e-06
100205 1 4.2888 100 -1.3999999999994e-05
100305 1 4.2894 100 5.9999999999949e-06
100405 1 4.2902 100 7.99999999999912e-06
100505 1 4.2888 100 -1.3999999999994e-05
100605 1 4.2902 100 1.3999999999994e-05
100705 1 4.291 100 8.000000000008e-06
100805 1 4.2873 100 -3.70000000000026e-05
100905 1 4.2899 100 2.60000000000016e-05
101005 1 4.2906 100 7.00000000000145e-06
101105 1 4.2899 100 -7.00000000000145e-06
101205 1 4.288 100 -1.90000000000001e-05
101305 1 4.2901 100 2.09999999999955e-05
101405 1 4.2895 100 -5.9999999999949e-06
101505 1 4.2895 100 0
101605 1 4.2886 100 -9.00000000000567e-06
101705 1 4.2895 100 9.00000000000567e-06
101805 1 4.2889 100 -6.00000000000378e-06
101905 1 4.2901 100 1.19999999999987e-05
102005 1 4.2882 100 -1.90000000000001e-05
