"t" "Tt" "Vt" "dt" "Vdt"
2006 0.632 7.208 1 NA
2007 0.627 7.20793668552573 1 -6.33144742661074e-05
2008 0.637 7.20787149597425 1 -6.51895514875989e-05
2009 0.662 7.20780148903807 1 -7.00069361716515e-05
2010 0.697 7.20772445267045 1 -7.70363676210195e-05
2011 0.736 7.20763919542849 1 -8.5257241968506e-05
2012 0.774 7.20754553635614 1 -9.3659072342156e-05
2013 0.806 7.20744450454074 1 -0.000101031815399999
2014 0.834 7.20733679913982 1 -0.000107705400923308
2015 0.858 7.20722320964567 1 -0.000113589494151967
2016 0.881 7.20710383814352 1 -0.000119371502148802
2017 0.908 7.20697749578161 1 -0.000126342361912002
2018 0.936 7.20684371844265 1 -0.000133777338958474
2019 0.965 7.20670201961547 1 -0.000141698827177628
2020 1.002 7.20654988129183 1 -0.00015213832364136
2021 1.048 7.20638424727159 1 -0.000165634020241612
2022 1.096 7.20620392666962 1 -0.000180320601963935
2023 1.141 7.20600928120818 1 -0.000194645461440324
2024 1.183 7.20580078173207 1 -0.000208499476118007
2025 1.22 7.20557969428937 1 -0.000221087442692891
2026 1.254 7.20534672333296 1 -0.000232970956415279
2027 1.288 7.20510156261319 1 -0.000245160719772208
2028 1.325 7.20484278347473 1 -0.000258779138458287
2029 1.364 7.2045692536931 1 -0.000273529781631865
2030 1.405 7.20427977878696 1 -0.000289474906130849
2031 1.454 7.203970648146 1 -0.000309130640968824
2032 1.514 7.20363656184492 1 -0.000334086301072567
2033 1.572 7.20327744532197 1 -0.000359116522953506
2034 1.629 7.20289286207762 1 -0.000384583244348313
2035 1.683 7.20248336438483 1 -0.000409497692794858
2036 1.732 7.20205060373771 1 -0.000432760647114172
2037 1.777 7.20159593296904 1 -0.000454670768667675
2038 1.824 7.20111780330355 1 -0.000478129665490989
2039 1.87 7.20061615520815 1 -0.000501648095408314
2040 1.918 7.20008936674357 1 -0.000526788464576988
2041 1.964 7.19953792619501 1 -0.000551440548559157
2042 2.019 7.19895624415273 1 -0.000581682042279041
2043 2.08 7.1983400686546 1 -0.000616175498125315
2044 2.139 7.19768960783138 1 -0.000650460823223398
2045 2.196 7.19700516552575 1 -0.000684442305635358
2046 2.242 7.19629273276878 1 -0.00071243275696542
2047 2.279 7.19555744432956 1 -0.000735288439222437
2048 2.308 7.19480406164407 1 -0.000753382685487303
2049 2.339 7.19403108053189 1 -0.000772981112177717
2050 2.377 7.19323367003607 1 -0.000797410495819051
2051 2.422 7.1924067891991 1 -0.000826880836974908
2052 2.469 7.19154855550221 1 -0.000858233696893862
2053 2.526 7.1906514527205 1 -0.000897102781708625
2054 2.588 7.18971107884128 1 -0.000940373879218193
2055 2.654 7.18872351703656 1 -0.000987561804716819
2056 2.721 7.18768688785231 1 -0.0010366291842514
2057 2.784 7.1866030888718 1 -0.00108379898050703
2058 2.846 7.18547187664165 1 -0.00113121223015522
2059 2.92 7.18428266511891 1 -0.00118921152274254
2060 2.997 7.18303157153125 1 -0.00125109358766018
2061 3.082 7.18171031305309 1 -0.00132125847815434
2062 3.171 7.18031354443523 1 -0.00139676861785976
2063 3.259 7.17884010354652 1 -0.00147344088871382
2064 3.357 7.17727882141215 1 -0.00156128213437157
2065 3.448 7.17563381104052 1 -0.00164501037162434
2066 3.536 7.17390583598097 1 -0.00172797505955469
2067 3.62 7.1720968621008 1 -0.00180897388016366
2068 3.692 7.17021719142579 1 -0.00187967067501305
2069 3.756 7.1682737159908 1 -0.0019434754349934
2070 3.815 7.16627061437911 1 -0.0020031016116846
2071 3.869 7.16421229801016 1 -0.00205831636894782
2072 3.92 7.16210125627246 1 -0.00211104173770593
2073 3.968 7.15994009892836 1 -0.00216115734409783
2074 4.016 7.1577282723182 1 -0.00221182661015895
2075 4.073 7.15545526800433 1 -0.00227300431386723
2076 4.136 7.15311355478469 1 -0.00234171321964816
2077 4.201 7.15069987679715 1 -0.00241367798753167
2078 4.266 7.14821319712463 1 -0.00248667967252203
2079 4.328 7.14565600703693 1 -0.00255719008770505
2080 4.387 7.14303094489377 1 -0.00262506214315916
2081 4.446 7.14033717287297 1 -0.0026937720208009
2082 4.506 7.13757263455562 1 -0.00276453831734536
2083 4.57 7.13473151677351 1 -0.00284111778210949
2084 4.635 7.13181157831765 1 -0.00291993845585825
2085 4.703 7.12880798551332 1 -0.00300359280433593
2086 4.779 7.12570928882453 1 -0.00309869668878981
2087 4.865 7.12250094057306 1 -0.00320834825146576
2088 4.95 7.11918246425077 1 -0.00331847632229465
2089 5.033 7.11575481549953 1 -0.00342764875123613
2090 5.111 7.11222322687403 1 -0.00353158862549918
2091 5.18 7.10859883314002 1 -0.00362439373400836
2092 5.244 7.10488759126206 1 -0.00371124187796923
2093 5.31 7.10108568669034 1 -0.00380190457171548
2094 5.375 7.09719355661045 1 -0.00389213007988598
2095 5.441 7.09320875937657 1 -0.00398479723388601
2096 5.505 7.08913325688083 1 -0.00407550249574218
2097 5.574 7.08495861266573 1 -0.00417464421509184
2098 5.652 7.08067004997006 1 -0.0042885626956739
2099 5.727 7.07627076811927 1 -0.00439928185079275
2100 5.8 7.07176258364337 1 -0.0045081844758954
2101 5.869 7.06715058444863 1 -0.00461199919473732
2102 5.933 7.06244166547371 1 -0.0047089189749272
2103 5.996 7.05763652686544 1 -0.0048051386082717
2104 6.063 7.05272778579879 1 -0.00490874106664929
2105 6.131 7.04771279905242 1 -0.00501498674637091
2106 6.199 7.04259053963597 1 -0.0051222594164404
2107 6.267 7.03735998516909 1 -0.00523055446688403
2108 6.338 7.0320150243693 1 -0.00534496079979441
2109 6.414 7.02654595654677 1 -0.00546906782252421
2110 6.485 7.02096017620644 1 -0.00558578034033452
2111 6.552 7.01526359457748 1 -0.00569658162895781
2112 6.611 7.00946940097762 1 -0.00579419359985689
2113 6.664 7.00358756995746 1 -0.00588183102016515
2114 6.715 6.99762113226006 1 -0.00596643769739469
2115 6.767 6.99156777313932 1 -0.00605335912074434
2116 6.823 6.98541968023847 1 -0.00614809290085105
2117 6.88 6.97917439208317 1 -0.00624528815529857
2118 6.941 6.97282385699732 1 -0.00635053508584882
2119 7.009 6.96635424608094 1 -0.00646961091637621
2120 7.084 6.95975138718878 1 -0.00660285889216716
2121 7.159 6.95301408181188 1 -0.00673730537689288
2122 7.23 6.94614883951614 1 -0.00686524229574736
2123 7.297 6.93916238304016 1 -0.00698645647597207
2124 7.358 6.93206554911238 1 -0.0070968339277826
2125 7.414 6.92486746915089 1 -0.00719807996149679
2126 7.471 6.91756556856013 1 -0.00730190059075131
2127 7.532 6.91015123592741 1 -0.00741433263272828
2128 7.601 6.90260762143666 1 -0.00754361449074459
2129 7.671 6.89493173864535 1 -0.00767588279131104
2130 7.748 6.8871082311644 1 -0.00782350748094629
2131 7.832 6.8791213581199 1 -0.0079868730445023
2132 7.907 6.8709885161698 1 -0.00813284195009967
2133 7.97 6.8627339295163 1 -0.0082545866534991
2134 8.017 6.85439084925415 1 -0.00834308026215158
2135 8.047 6.8459951572612 1 -0.00839569199294754
2136 8.068 6.83756597384517 1 -0.0084291834160366
2137 8.084 6.82911396723589 1 -0.00845200660927681
2138 8.106 6.82062630334081 1 -0.0084876638950826
2139 8.139 6.81207934567785 1 -0.0085469576629551
2140 8.18 6.80345571775218 1 -0.00862362792566973
2141 8.235 6.79472481296894 1 -0.00873090478324734
2142 8.303 6.78585769398025 1 -0.00886711898868331
2143 8.372 6.7768512925592 1 -0.00900640142105047
2144 8.44 6.76770694301918 1 -0.00914434954002186
2145 8.49 6.75846405432569 1 -0.00924288869349343
2146 8.524 6.74915814683505 1 -0.00930590749063587
2147 8.543 6.73982281421574 1 -0.00933533261930553
2148 8.554 6.73047604301927 1 -0.00934677119647276
2149 8.566 6.72111560185725 1 -0.00936044116202162
2150 8.585 6.71172574870296 1 -0.00938985315428909
2151 8.607 6.70229971752125 1 -0.00942603118171093
2152 8.643 6.69280581586584 1 -0.00949390165541253
2153 8.692 6.68321433139142 1 -0.00959148447441915
2154 8.749 6.67350659675742 1 -0.00970773463399421
2155 8.806 6.66368208469462 1 -0.00982451206280466
2156 8.859 6.65374954110261 1 -0.00993254359201323
2157 8.9 6.64373647220919 1 -0.0100130688934161
2158 8.931 6.63366601983691 1 -0.0100704523722781
2159 8.956 6.62355214444877 1 -0.0101138753881465
2160 8.974 6.61341121946243 1 -0.0101409249863353
2161 8.991 6.60324560156563 1 -0.0101656178967993
2162 9.005 6.59306234596315 1 -0.0101832556024855
2163 9.028 6.58284032648886 1 -0.010222019474285
2164 9.06 6.57255832641702 1 -0.0102820000718449
2165 9.094 6.56221153704836 1 -0.0103467893686569
2166 9.126 6.55180460387708 1 -0.0104069331712759
2167 9.157 6.54133982928166 1 -0.0104647745954187
2168 9.188 6.5308171476741 1 -0.0105226816075641
2169 9.219 6.52023649444337 1 -0.0105806532307291
2170 9.249 6.50960020456544 1 -0.0106362898779322
2171 9.284 6.49889619715607 1 -0.0107040074093741
2172 9.317 6.48812919536397 1 -0.0107670017920993
2173 9.348 6.47730395899461 1 -0.0108252363693602
2174 9.383 6.46641072030172 1 -0.0108932386928871
2175 9.422 6.45543963579277 1 -0.0109710845089497
2176 9.455 6.44440522170389 1 -0.0110344140888756
2177 9.484 6.43331720222308 1 -0.0110880194808098
2178 9.506 6.42219272122122 1 -0.0111244810018674
2179 9.522 6.41104652668486 1 -0.0111461945363516
2180 9.536 6.39988355859221 1 -0.0111629680926528
2181 9.55 6.38870384156154 1 -0.0111797170306742
2182 9.571 6.37749016016696 1 -0.0112136813945796
2183 9.597 6.36623018451827 1 -0.0112599756486862
2184 9.627 6.35491400254284 1 -0.0113161819754346
2185 9.667 6.34351674349224 1 -0.011397259050602
2186 9.711 6.33202827968551 1 -0.0114884638067263
2187 9.752 6.32045591169635 1 -0.0115723679891637
2188 9.79 6.30880701266502 1 -0.0116488990313286
2189 9.819 6.29710413111024 1 -0.0117028815547737
2190 9.836 6.28537750173029 1 -0.0117266293799494
2191 9.849 6.2736372400371 1 -0.0117402616931903
2192 9.859 6.26189094171998 1 -0.0117462983171253
2193 9.871 6.25013358051209 1 -0.0117573612078896
2194 9.885 6.23836013050293 1 -0.0117734500091604
2195 9.9 6.22656809108341 1 -0.0117920394195163
2196 9.926 6.21472964231952 1 -0.0118384487638945
2197 9.96 6.20282446477151 1 -0.0119051775480115
2198 9.995 6.19084994100559 1 -0.0119745237659181
2199 10.026 6.17881621094687 1 -0.0120337300587137
2200 10.053 6.16673347550645 1 -0.0120827354404263
2201 10.072 6.15462223592087 1 -0.0121112395855763
2202 10.085 6.14249790740337 1 -0.0121243285174968
2203 10.098 6.13036051763444 1 -0.0121373897689372
2204 10.112 6.11820752695257 1 -0.0121529906818623
2205 10.126 6.10603896410475 1 -0.0121685628478261
2206 10.139 6.09385742885753 1 -0.0121815352472208
2207 10.162 6.08163721213148 1 -0.0122202167260523
2208 10.191 6.06936284764905 1 -0.0122743644824297
2209 10.218 6.05703948880473 1 -0.0123233588443128
2210 10.24 6.04468008400911 1 -0.0123594047956184
2211 10.253 6.03230798735245 1 -0.0123720966566667
2212 10.261 6.01993618906501 1 -0.0123717982874396
2213 10.264 6.00757765942703 1 -0.0123585296379813
2214 10.268 5.99522979612137 1 -0.0123478633056564
2215 10.277 5.98287964636272 1 -0.0123501497586522
2216 10.291 5.97051427321019 1 -0.0123653731525293
2217 10.31 5.9581207354367 1 -0.0123935377734865
2218 10.339 5.94567306780466 1 -0.012447667632042
2219 10.374 5.93315561050952 1 -0.0125174572951359
2220 10.404 5.92058136949283 1 -0.0125742410166971
2221 10.422 5.90798174461908 1 -0.0125996248737446
2222 10.431 5.89538033234857 1 -0.0126014122705174
2223 10.433 5.88279546760449 1 -0.0125848647440767
2224 10.43 5.87024019662913 1 -0.0125552709753629
2225 10.431 5.85770401135046 1 -0.0125361852786643
2226 10.439 5.8451686107637 1 -0.0125354005867599
2227 10.452 5.83262094898442 1 -0.0125476617792852
2228 10.471 5.82004536523532 1 -0.0125755837490944
2229 10.498 5.80742092932429 1 -0.0126244359110315
2230 10.529 5.79473713372137 1 -0.0126837956029169
2231 10.554 5.78200974730088 1 -0.0127273864204964
2232 10.571 5.76925986553861 1 -0.0127498817622653
2233 10.579 5.75651124213518 1 -0.012748623403434
2234 10.579 5.74378495906057 1 -0.0127262830746062
2235 10.579 5.73108097716623 1 -0.012703981894342
2236 10.585 5.7183834827173 1 -0.0126974944489326
2237 10.598 5.70567406661281 1 -0.0127094161044861
2238 10.617 5.69293695650387 1 -0.0127371101089402
2239 10.643 5.6801537138692 1 -0.0127832426346739
2240 10.673 5.66731376680189 1 -0.0128399470673104
2241 10.703 5.6544170982597 1 -0.0128966685421865
2242 10.724 5.6414875969329 1 -0.012929501326802
2243 10.733 5.62855717249962 1 -0.0129304244332822
2244 10.736 5.61564177097232 1 -0.0129154015272945
2245 10.735 5.60275198412562 1 -0.0128897868467064
2246 10.738 5.5898771631523 1 -0.0128748209733152
2247 10.744 5.57700934355175 1 -0.0128678196005527
2248 10.755 5.56413527858252 1 -0.0128740649692238
2249 10.773 5.55123642586544 1 -0.0128988527170826
2250 10.79 5.53831547389514 1 -0.0129209519703046
2251 10.8 5.52539105752558 1 -0.012924416369561
2252 10.807 5.5124711680112 1 -0.0129198895143716
2253 10.811 5.49956378033543 1 -0.012907387675769
2254 10.813 5.48667419244852 1 -0.0128895878869129
2255 10.816 5.47379972760183 1 -0.0128744648466936
2256 10.82 5.4609377176923 1 -0.0128620099095249
2257 10.826 5.44808285172119 1 -0.0128548659711152
2258 10.832 5.43523513232482 1 -0.0128477193963663
2259 10.837 5.42239721186799 1 -0.0128379204568345
2260 10.841 5.40957173569834 1 -0.0128254761696516
2261 10.842 5.39676663546094 1 -0.0128051002373963
2262 10.844 5.38397923338112 1 -0.0127874020798187
2263 10.846 5.37120950494383 1 -0.0127697284372941
2264 10.849 5.3584547833756 1 -0.0127547215682302
2265 10.854 5.34570976893249 1 -0.0127450144431114
2266 10.861 5.33296917575059 1 -0.0127405931818965
2267 10.866 5.32023829382373 1 -0.0127308819268634
2268 10.871 5.30751711969643 1 -0.0127211741273001
2269 10.875 5.29480828907801 1 -0.0127088306184149
2270 10.878 5.28211442992655 1 -0.0126938591514572
2271 10.879 5.26944079778116 1 -0.0126736321453977
2272 10.878 5.25679262791353 1 -0.0126481698676244
2273 10.878 5.24416723861243 1 -0.0126253893010997
2274 10.881 5.2315566990369 1 -0.0126105395755358
2275 10.888 5.21895047381069 1 -0.0126062252262091
2276 10.897 5.20634331016709 1 -0.0126071636435956
2277 10.906 5.19373522494859 1 -0.0126080852184982
2278 10.914 5.18112886612233 1 -0.0126063588262673
2279 10.922 5.1685242461922 1 -0.0126046199301237
2280 10.928 5.15592663953332 1 -0.0125976066588773
2281 10.935 5.14333341801688 1 -0.0125932215164442
2282 10.939 5.13075247906735 1 -0.0125809389495286
2283 10.943 5.11818381253789 1 -0.0125686665294653
2284 10.948 5.10562478054343 1 -0.012559031994452
2285 10.951 5.09308063315511 1 -0.0125441473883194
2286 10.957 5.08054347584072 1 -0.012537157314398
2287 10.963 5.06801331074176 1 -0.0125301650989602
2288 10.965 5.05550063922349 1 -0.0125126715182642
2289 10.965 5.04301068162116 1 -0.0124899576023303
2290 10.963 5.03054863656124 1 -0.012462045059924
2291 10.963 5.01810920945486 1 -0.0124394271063819
2292 10.965 5.00568712750891 1 -0.0124220819459469
2293 10.969 4.9932771364118 1 -0.0124099910971127
2294 10.974 4.98087661169681 1 -0.0124005247149874
2295 10.983 4.96847509210225 1 -0.012401519594559
2296 10.993 4.95606997851948 1 -0.0124051135827692
2297 11 4.94366913856662 1 -0.0124008399528588
2298 11.004 4.93128042432671 1 -0.0123887142399113
2299 11.006 4.91890905217815 1 -0.0123713721485652
2300 11.006 4.90656022010443 1 -0.0123488320737195
2301 11.005 4.89423649591617 1 -0.0123237241882581
2302 11.004 4.881937829582 1 -0.0122986663341722
2303 11.005 4.86965896225197 1 -0.0122788673300258
2304 11.007 4.85739725845822 1 -0.0122617037937456
2305 11.01 4.84515009190277 1 -0.0122471665554498
2306 11.013 4.83291744564618 1 -0.0122326462565896
2307 11.015 4.82070190233053 1 -0.012215543315655
2308 11.017 4.80850343765997 1 -0.0121984646705595
2309 11.019 4.79632202736626 1 -0.0121814102937075
2310 11.021 4.78415764720874 1 -0.0121643801575226
2311 11.023 4.77201027297429 1 -0.0121473742344467
2312 11.027 4.75987469552461 1 -0.012135577449687
2313 11.032 4.74774831286151 1 -0.0121263826630953
2314 11.036 4.7356337125769 1 -0.0121146002846073
2315 11.039 4.72353347482199 1 -0.0121002377549191
2316 11.041 4.711450171518 1 -0.0120833033039851
2317 11.042 4.69938636557265 1 -0.0120638059453508
2318 11.041 4.68734719492107 1 -0.0120391706515761
2319 11.041 4.67533002775356 1 -0.0120171671675084
2320 11.042 4.66333224295648 1 -0.0119977847970851
2321 11.044 4.65135122926355 1 -0.0119810136929264
2322 11.046 4.63938696275179 1 -0.0119642665117654
2323 11.049 4.62743684259745 1 -0.0119501201543333
2324 11.052 4.61550085219301 1 -0.0119359904044449
2325 11.053 4.60358412397633 1 -0.011916728216681
2326 11.054 4.59168662632252 1 -0.0118974976538055
2327 11.054 4.57981089842711 1 -0.011875727895414
2328 11.054 4.5679569004563 1 -0.0118539979708094
2329 11.056 4.55611945856964 1 -0.0118374418866631
2330 11.058 4.54429854911118 1 -0.0118209094584545
2331 11.063 4.53248645364355 1 -0.0118120954676275
2332 11.068 4.52068316854468 1 -0.0118032850988712
2333 11.073 4.50888869017759 1 -0.01179447836709
2334 11.076 4.49710814157651 1 -0.0117805486010853
2335 11.078 4.48534406813038 1 -0.0117640734461268
2336 11.079 4.47359900640448 1 -0.0117450617259021
2337 11.079 4.46187548336171 1 -0.0117235230427717
2338 11.078 4.45017601558951 1 -0.0116994677721998
2339 11.078 4.43849800098145 1 -0.0116780146080524
2340 11.077 4.42684395220631 1 -0.0116540487751458
2341 11.079 4.41520617092639 1 -0.0116377812799238
2342 11.082 4.40358208453312 1 -0.0116240863932617
2343 11.084 4.39197422505587 1 -0.01160785947725
2344 11.089 4.38037492785519 1 -0.0115992972006875
2345 11.092 4.36878928281215 1 -0.0115856450430378
2346 11.096 4.35721472827232 1 -0.011574554539826
2347 11.098 4.34565634376237 1 -0.0115583845099501
2348 11.1 4.33411410604018 1 -0.0115422377221881
2349 11.103 4.32258545015616 1 -0.0115286558840282
2350 11.105 4.31107290066755 1 -0.011512549488609
2351 11.109 4.29957135547712 1 -0.0115015451904306
2352 11.109 4.28809095862456 1 -0.0114803968525594
2353 11.11 4.27662913510254 1 -0.0114618235220139
2354 11.11 4.26518838874841 1 -0.0114407463541379
2355 11.109 4.25377121319223 1 -0.0114171755561729
2356 11.109 4.24237503084021 1 -0.0113961823520254
2357 11.111 4.23099474547913 1 -0.011380285361076
2358 11.113 4.21963033421859 1 -0.0113644112605362
2359 11.116 4.20827924761286 1 -0.0113510866057318
2360 11.121 4.19693641793594 1 -0.0113428296769253
2361 11.127 4.1855993158945 1 -0.0113371020414412
2362 11.131 4.17427299437933 1 -0.0113263215151633
2363 11.136 4.16295491940954 1 -0.0113180749697905
2364 11.138 4.15165265894074 1 -0.0113022604688062
2365 11.139 4.14036871208601 1 -0.0112839468547214
2366 11.14 4.12910304849297 1 -0.0112656635930399
2367 11.139 4.11786067472105 1 -0.0112423737719247
2368 11.139 4.10663902769901 1 -0.0112216470220439
2369 11.141 4.09543303967093 1 -0.011205988028073
2370 11.143 4.08424268799387 1 -0.0111903516770608
2371 11.144 4.07307046238615 1 -0.0111722256077211
2372 11.145 4.06191633278992 1 -0.0111541295962319
2373 11.149 4.05077274067868 1 -0.0111435921112406
2374 11.152 4.03964218586705 1 -0.0111305548116238
2375 11.154 4.02852716051704 1 -0.0111150253500165
2376 11.157 4.01742513564277 1 -0.0111020248742637
2377 11.159 4.00633860116276 1 -0.0110865344800173
2378 11.161 3.99526753462156 1 -0.0110710665411946
2379 11.163 3.98421191359011 1 -0.0110556210314545
2380 11.166 3.97316921397216 1 -0.0110426996179482
2381 11.168 3.96214192096884 1 -0.0110272930033219
2382 11.171 3.95112751277373 1 -0.0110144081951056
2383 11.171 3.94013346848074 1 -0.0109940442929912
2384 11.174 3.9291522612491 1 -0.0109812072316364
2385 11.176 3.91818637134201 1 -0.0109658899070983
2386 11.177 3.90723827067061 1 -0.010948100671401
2387 11.179 3.89630543697606 1 -0.0109328336945462
2388 11.181 3.88538784806555 1 -0.0109175889105053
2389 11.185 3.87448050062236 1 -0.0109073474431898
2390 11.187 3.86358836535362 1 -0.0108921352687461
2391 11.189 3.85271142012152 1 -0.0108769452321016
2392 11.191 3.84184964281439 1 -0.0108617773071273
2393 11.192 3.83100549711754 1 -0.0108441456968476
2394 11.195 3.82017398482424 1 -0.0108315122932976
2395 11.197 3.8093575742852 1 -0.0108164105390394
2396 11.198 3.79855872558608 1 -0.0107988486991286
2397 11.2 3.78777492883061 1 -0.0107837967554656
2398 11.202 3.77700616207511 1 -0.0107687667554992
2399 11.203 3.76625488157045 1 -0.0107512805046577
2400 11.205 3.75551858144738 1 -0.0107363001230749
2401 11.206 3.74479971532718 1 -0.0107188661202002
2402 11.208 3.73409578010616 1 -0.0107039352210232
2403 11.209 3.72340922678644 1 -0.0106865533197196
2404 11.21 3.71274002634022 1 -0.0106692004462134
2405 11.211 3.70208814978508 1 -0.0106518765551442
2406 11.211 3.69145603630001 1 -0.0106321134850718
2407 11.214 3.68083624925819 1 -0.0106197870418123
2408 11.216 3.67023123974808 1 -0.0106050095101176
2409 11.219 3.65963852136815 1 -0.0105927183799279
2410 11.221 3.64906054312903 1 -0.0105779782391182
2411 11.227 3.63848743102795 1 -0.0105731121010826
2412 11.229 3.62792903903063 1 -0.0105583919973218
2413 11.232 3.6173828841706 1 -0.0105461548600223
2414 11.233 3.6068538723465 1 -0.0105290118241079
2415 11.234 3.59634197485518 1 -0.0105118974913165
2416 11.236 3.58584470568662 1 -0.010497269168563
2417 11.234 3.57537186651379 1 -0.0104728391728246
2418 11.234 3.56491849748438 1 -0.0104533690294084
2419 11.235 3.55448211043954 1 -0.0104363870448472
2420 11.236 3.54406267693976 1 -0.0104194334997718
2421 11.236 3.5336626176923 1 -0.0104000592474609
2422 11.239 3.52327455364139 1 -0.0103880640509106
2423 11.241 3.51290091727618 1 -0.0103736363652094
2424 11.242 3.5025441330872 1 -0.0103567841889807
2425 11.245 3.49219928411592 1 -0.0103448489712794
2426 11.247 3.48186879946213 1 -0.0103304846537955
2427 11.251 3.47154777284023 1 -0.0103210266219005
2428 11.255 3.46123619578985 1 -0.0103115770503748
2429 11.257 3.45093894264606 1 -0.010297253143793
2430 11.256 3.44066331112317 1 -0.010275631522886
2431 11.256 3.4304068199519 1 -0.0102564911712721
2432 11.254 3.42017430461315 1 -0.0102325153387555
2433 11.252 3.40996571269949 1 -0.0102085919136532
2434 11.251 3.39977856090151 1 -0.0101871517979868
2435 11.25 3.38961280570718 1 -0.0101657551943264
2436 11.25 3.37946597625909 1 -0.0101468294480909
2437 11.252 3.36933318494758 1 -0.0101327913115039
2438 11.256 3.35920955993569 1 -0.0101236250118899
2439 11.261 3.34909266759432 1 -0.0101168923413719
2440 11.267 3.3389800797162 1 -0.0101125878781221
2441 11.27 3.32887907369751 1 -0.0101010060186919
2442 11.272 3.318792059133 1 -0.0100870145645078
2443 11.272 3.30872385988446 1 -0.0100681992485421
2444 11.27 3.29867928095481 1 -0.0100445789296484
2445 11.27 3.28865343491225 1 -0.0100258460425651
2446 11.267 3.27865353513612 1 -0.00999989977612525
2447 11.264 3.26867952103458 1 -0.00997401410153786
2448 11.262 3.25872892120283 1 -0.00995059983175661
2449 11.261 3.24879927535978 1 -0.00992964584304801
2450 11.262 3.23888572576928 1 -0.00991354959049451
2451 11.264 3.2289858387495 1 -0.00989988701978373
2452 11.268 3.21909478225738 1 -0.00989105649212174
2453 11.27 3.20921735930334 1 -0.00987742295404015
2454 11.276 3.19934393125477 1 -0.0098734280485635
2455 11.279 3.18948171462358 1 -0.00986221663119791
2456 11.284 3.17962588800267 1 -0.00985582662090545
2457 11.29 3.16977404479112 1 -0.00985184321155508
2458 11.291 3.15993820446596 1 -0.00983584032515372
2459 11.292 3.15011834006621 1 -0.00981986439975024
2460 11.288 3.14032642196764 1 -0.00979191809857571
2461 11.285 3.13055998462754 1 -0.00976643734009519
2462 11.282 3.12081896847576 1 -0.00974101615178125
2463 11.28 3.11110092237077 1 -0.00971804610499261
2464 11.276 3.10141057494177 1 -0.00969034742899355
2465 11.275 3.09174069672088 1 -0.00966987822089216
2466 11.278 3.08208170193969 1 -0.0096589947811867
2467 11.281 3.07243357731056 1 -0.00964812462913045
2468 11.286 3.0627915389199 1 -0.00964203839066791
2469 11.29 3.05315796960952 1 -0.00963356931037618
2470 11.295 3.04353047707322 1 -0.0096274925362958
2471 11.298 3.03391382767017 1 -0.00961664940305251
2472 11.299 3.02431277427661 1 -0.00960105339355977
2473 11.3 3.01472729059484 1 -0.00958548368177503
2474 11.296 3.00516924812824 1 -0.0095580424665993
2475 11.294 2.99563382576894 1 -0.00953542235930138
2476 11.289 2.98612809679548 1 -0.0095057289734557
2477 11.285 2.97664961236823 1 -0.00947848442725485
2478 11.281 2.96719830492391 1 -0.00945130744431166
2479 11.278 2.95777174093121 1 -0.0094265639927027
2480 11.274 2.94837222636054 1 -0.00939951457066801
2481 11.273 2.93899260977664 1 -0.00937961658390574
2482 11.275 2.92962576931136 1 -0.00936684046528224
2483 11.279 2.92026696583993 1 -0.00935880347142914
2484 11.284 2.91091383213917 1 -0.00935313370075663
2485 11.293 2.9015569236765 1 -0.00935690846266946
2486 11.299 2.89220333806454 1 -0.00935358561195976
2487 11.307 2.88284835446884 1 -0.00935498359570008
2488 11.308 2.87350851360036 1 -0.00933984086848483
2489 11.309 2.86418378990146 1 -0.00932472369889092
2490 11.305 2.85488594508136 1 -0.00929784482010731
2491 11.3 2.84561726645145 1 -0.00926867862990655
2492 11.294 2.83638002852634 1 -0.00923723792511444
2493 11.286 2.82717883953108 1 -0.00920118899525812
2494 11.277 2.81801593418694 1 -0.00916290534414221
2495 11.27 2.80888651319744 1 -0.00912942098949943
2496 11.268 2.7997787944661 1 -0.00910771873133998
2497 11.27 2.79068338528351 1 -0.00909540918258323
2498 11.275 2.78159325863176 1 -0.00909012665175224
2499 11.286 2.77249438843031 1 -0.00909887020145517
2500 11.298 2.76338445119522 1 -0.00910993723508868
2501 11.298 2.75429154533064 1 -0.00909290586458189
2502 11.298 2.74521563899577 1 -0.00907590633486333
2503 11.298 2.73615670040937 1 -0.00905893858640505
2504 11.298 2.72711469784958 1 -0.00904200255979148
2505 11.298 2.71808959965386 1 -0.00902509819571673
2506 11.298 2.70908137421887 1 -0.00900822543498681
2507 11.298 2.70008999000035 1 -0.00899138421851786
2508 11.298 2.69111541551302 1 -0.00897457448733752
2509 11.298 2.68215761933043 1 -0.00895779618258175
2510 11.298 2.67321657008494 1 -0.00894104924549843
2511 11.298 2.66429223646749 1 -0.00892433361744382
2512 11.298 2.65538458722761 1 -0.00890764923988518
2513 11.298 2.64649359117321 1 -0.00889099605439858
2514 11.298 2.63761921717054 1 -0.00887437400266844
2515 11.298 2.62876143414405 1 -0.00885778302649021
2516 11.298 2.61992021107628 1 -0.00884122306776591
2517 11.298 2.61109551700778 1 -0.00882469406850772
2518 11.298 2.60228732103694 1 -0.00880819597083571
2519 11.298 2.59349559231996 1 -0.00879172871697831
2520 11.298 2.58472030007069 1 -0.00877529224927143
2521 11.298 2.57596141356053 1 -0.00875888651015977
2522 11.298 2.56721890211834 1 -0.00874251144219462
2523 11.298 2.5584927351303 1 -0.00872616698803519
2524 11.298 2.54978288203985 1 -0.00870985309044814
2525 11.298 2.54108931234755 1 -0.00869356969230672
2526 11.298 2.53241199561096 1 -0.00867731673659078
2527 11.298 2.52375090144457 1 -0.00866109416638716
2528 11.298 2.51510599951968 1 -0.00864490192488931
2529 11.298 2.50647725956428 1 -0.00862873995539593
2530 11.298 2.49786465136297 1 -0.00861260820131315
2531 11.298 2.48926814475682 1 -0.00859650660615152
2532 11.298 2.48068770964329 1 -0.00858043511352813
2533 11.298 2.47212331597613 1 -0.00856439366716488
2534 11.298 2.46357493376524 1 -0.00854838221088938
2535 11.298 2.4550425330766 1 -0.00853240068863403
2536 11.298 2.44652608403217 1 -0.00851644904443605
2537 11.298 2.43802555680973 1 -0.00850052722243699
2538 11.298 2.42954092164285 1 -0.00848463516688369
2539 11.298 2.42107214882072 1 -0.00846877282212599
2540 11.298 2.4126192086881 1 -0.00845294013261899
2541 11.298 2.40418207164518 1 -0.00843713704292082
2542 11.298 2.39576070814749 1 -0.00842136349769351
2543 11.298 2.38735508870578 1 -0.00840561944170259
2544 11.298 2.37896518388597 1 -0.00838990481981705
2545 11.298 2.37059096430896 1 -0.00837421957700846
2546 11.298 2.36223240065061 1 -0.00835856365835186
2547 11.298 2.35388946364158 1 -0.008342937009024
2548 11.298 2.34556212406728 1 -0.00832733957430509
2549 11.298 2.3372503527677 1 -0.0083117712995775
2550 11.298 2.32895412063737 1 -0.00829623213032571
2551 11.298 2.32067339862524 1 -0.00828072201213548
2552 11.298 2.31240815773454 1 -0.00826524089069469
2553 11.298 2.30415836902275 1 -0.00824978871179338
2554 11.298 2.29592400360143 1 -0.00823436542132194
2555 11.298 2.28770503263616 1 -0.00821897096527247
2556 11.298 2.27950142734642 1 -0.00820360528973785
2557 11.298 2.27131315900551 1 -0.0081882683409118
2558 11.298 2.26314019894042 1 -0.00817296006508927
2559 11.298 2.25498251853175 1 -0.00815768040866383
2560 11.298 2.24684008921362 1 -0.00814242931813158
2561 11.298 2.23871288247353 1 -0.00812720674008682
2562 11.298 2.23060086985231 1 -0.00811201262122507
2563 11.298 2.22250402294397 1 -0.00809684690834001
2564 11.298 2.21442231339564 1 -0.00808170954832566
2565 11.298 2.20635571290747 1 -0.00806660048817598
2566 11.298 2.19830419323249 1 -0.00805151967498263
2567 11.298 2.19026772617655 1 -0.00803646705593719
2568 11.298 2.18224628359822 1 -0.00802144257832937
2569 11.298 2.17423983740867 1 -0.00800644618954838
2570 11.298 2.16624835957159 1 -0.00799147783708021
2571 11.298 2.15827182210308 1 -0.00797653746851035
2572 11.298 2.15031019707156 1 -0.00796162503152154
2573 11.298 2.14236345659766 1 -0.0079467404738951
2574 11.298 2.13443157285415 1 -0.00793188374350962
2575 11.298 2.12651451806581 1 -0.00791705478834048
2576 11.298 2.11861226450935 1 -0.00790225355646124
2577 11.298 2.11072478451331 1 -0.00788747999604178
2578 11.298 2.10285205045796 1 -0.00787273405534972
2579 11.298 2.09499403477521 1 -0.00785801568274858
2580 11.298 2.08715070994851 1 -0.00784332482669869
2581 11.298 2.07932204851276 1 -0.00782866143575767
2582 11.298 2.07150802305418 1 -0.00781402545857723
2583 11.298 2.06370860621027 1 -0.00779941684390728
2584 11.298 2.05592377066968 1 -0.00778483554059228
2585 11.298 2.04815348917211 1 -0.00777028149757264
2586 11.298 2.04039773450822 1 -0.00775575466388423
2587 11.298 2.03265647951956 1 -0.00774125498865796
2588 11.298 2.02492969709844 1 -0.00772678242111979
2589 11.298 2.01721736018785 1 -0.00771233691059203
2590 11.298 2.00951944178136 1 -0.00769791840648937
2591 11.298 2.00183591492304 1 -0.00768352685832285
2592 11.298 1.99416675270734 1 -0.00766916221569724
2593 11.298 1.98651192827903 1 -0.00765482442831167
2594 11.298 1.97887141483307 1 -0.00764051344595917
2595 11.298 1.97124518561454 1 -0.00762622921852696
2596 11.298 1.96363321391855 1 -0.00761197169599526
2597 11.298 1.95603547309011 1 -0.00759774082843867
2598 11.298 1.94845193652409 1 -0.0075835365660244
2599 11.298 1.94088257766507 1 -0.00756935885901333
2600 11.298 1.93332737000731 1 -0.00755520765775919
2601 11.298 1.92578628709461 1 -0.00754108291270827
2602 11.298 1.91825930252021 1 -0.00752698457439971
2603 11.298 1.91074638992674 1 -0.00751291259346543
2604 11.298 1.90324752300611 1 -0.00749886692062884
2605 11.298 1.89576267549941 1 -0.00748484750670642
2606 11.298 1.8882918211968 1 -0.00747085430260586
2607 11.298 1.88083493393747 1 -0.00745688725932681
2608 11.298 1.87339198760951 1 -0.00744294632796105
2609 11.298 1.86596295614982 1 -0.00742903145969098
2610 11.298 1.85854781354403 1 -0.0074151426057909
2611 11.298 1.8511465338264 1 -0.00740127971762594
2612 11.298 1.84375909107975 1 -0.00738744274665204
2613 11.298 1.83638545943534 1 -0.00737363164441618
2614 11.298 1.82902561307278 1 -0.00735984636255571
2615 11.298 1.82167952621998 1 -0.00734608685279858
2616 11.298 1.81434717315302 1 -0.00733235306696267
2617 11.298 1.80702852819606 1 -0.00731864495695622
2618 11.298 1.79972356572129 1 -0.00730496247477719
2619 11.298 1.79243226014877 1 -0.00729130557251367
2620 11.298 1.78515458594643 1 -0.00727767420234282
2621 11.298 1.7778905176299 1 -0.0072640683165317
2622 11.298 1.77064002976246 1 -0.00725048786743598
2623 11.298 1.76340309695496 1 -0.00723693280750104
2624 11.298 1.7561796938657 1 -0.00722340308926062
2625 11.298 1.74896979520036 1 -0.00720989866533772
2626 11.298 1.74177337571192 1 -0.00719641948844374
2627 11.298 1.73459041020054 1 -0.00718296551137798
2628 11.298 1.72742087351351 1 -0.0071695366870288
2629 11.298 1.72026474054514 1 -0.00715613296837225
2630 11.298 1.71312198623667 1 -0.00714275430847189
2631 11.298 1.70599258557619 1 -0.00712940066047985
2632 11.298 1.69887651359855 1 -0.00711607197763531
2633 11.298 1.69177374538529 1 -0.00710276821326494
2634 11.298 1.6846842560645 1 -0.00708948932078268
2635 11.298 1.67760802081081 1 -0.00707623525368972
2636 11.298 1.67054501484524 1 -0.00706300596557408
2637 11.298 1.66349521343513 1 -0.00704980141011036
2638 11.298 1.65645859189407 1 -0.00703662154106
2639 11.298 1.6494351255818 1 -0.0070234663122708
2640 11.298 1.64242478990412 1 -0.00701033567767717
2641 11.298 1.63542756031282 1 -0.00699722959129878
2642 11.298 1.62844341230558 1 -0.00698414800724212
2643 11.298 1.62147232142588 1 -0.00697109087969938
2644 11.298 1.61451426326293 1 -0.00695805816294781
2645 11.298 1.60756921345158 1 -0.0069450498113508
2646 11.298 1.60063714767223 1 -0.00693206577935657
2647 11.298 1.59371804165073 1 -0.00691910602149881
2648 11.298 1.58681187115833 1 -0.00690617049239606
2649 11.298 1.57991861201158 1 -0.00689325914675187
2650 11.298 1.57303824007223 1 -0.0068803719393542
2651 11.298 1.56617073124715 1 -0.00686750882507581
2652 11.298 1.55931606148828 1 -0.00685466975887361
2653 11.298 1.55247420679249 1 -0.00684185469578891
2654 11.298 1.54564514320154 1 -0.00682906359094693
2655 11.298 1.53882884680198 1 -0.00681629639955683
2656 11.298 1.53202529372507 1 -0.00680355307691149
2657 11.298 1.52523446014668 1 -0.0067908335783875
2658 11.298 1.51845632228724 1 -0.0067781378594447
2659 11.298 1.51169085641161 1 -0.00676546587562621
2660 11.298 1.50493803882906 1 -0.00675281758255819
2661 11.298 1.49819784589311 1 -0.0067401929359503
2662 11.298 1.49147025400151 1 -0.00672759189159433
2663 11.298 1.48475523959615 1 -0.00671501440536493
2664 11.298 1.47805277916293 1 -0.00670246043321954
2665 11.298 1.47136284923173 1 -0.00668992993119732
2666 11.298 1.46468542637631 1 -0.00667742285542028
2667 11.298 1.45802048721422 1 -0.0066649391620921
2668 11.298 1.45136800840672 1 -0.00665247880749842
2669 11.298 1.44472796665871 1 -0.00664004174800681
2670 11.298 1.43810033871865 1 -0.00662762794006566
2671 11.298 1.43148510137844 1 -0.00661523734020575
2672 11.298 1.4248822314734 1 -0.00660286990503867
2673 11.298 1.41829170588214 1 -0.00659052559125706
2674 11.298 1.41171350152651 1 -0.00657820435563439
2675 11.298 1.40514759537148 1 -0.00656590615502561
2676 11.298 1.39859396442512 1 -0.00655363094636585
2677 11.298 1.39205258573845 1 -0.00654137868667037
2678 11.298 1.38552343640541 1 -0.00652914933303572
2679 11.298 1.37900649356277 1 -0.00651694284263771
2680 11.298 1.37250173439004 1 -0.00650475917273319
2681 11.298 1.36600913610938 1 -0.00649259828065785
2682 11.298 1.35952867598556 1 -0.00648046012382797
2683 11.298 1.35306033132582 1 -0.00646834465973911
2684 11.298 1.34660407947985 1 -0.0064562518459661
2685 11.298 1.34015989783969 1 -0.00644418164016392
2686 11.298 1.33372776383962 1 -0.00643213400006548
2687 11.298 1.32730765495614 1 -0.00642010888348366
2688 11.298 1.32089954870783 1 -0.0064081062483099
2689 11.298 1.31450342265531 1 -0.00639612605251427
2690 11.298 1.30811925440117 1 -0.00638416825414545
2691 11.298 1.30174702158984 1 -0.00637223281133092
2692 11.298 1.29538670190756 1 -0.00636031968227568
2693 11.298 1.2890382730823 1 -0.00634842882526376
2694 11.298 1.28270171288364 1 -0.00633656019865647
2695 11.298 1.27637699912275 1 -0.00632471376089327
2696 11.298 1.27006410965226 1 -0.00631288947049136
2697 11.298 1.26376302236621 1 -0.00630108728604517
2698 11.298 1.25747371519998 1 -0.00628930716622711
2699 11.298 1.2511961661302 1 -0.00627754906978639
2700 11.298 1.24493035317465 1 -0.00626581295554951
2701 11.298 1.23867625439223 1 -0.00625409878241978
2702 11.298 1.23243384788285 1 -0.00624240650937757
2703 11.298 1.22620311178737 1 -0.00623073609547986
2704 11.298 1.21998402428751 1 -0.00621908749986022
2705 11.298 1.21377656360578 1 -0.00620746068172839
2706 11.298 1.20758070800541 1 -0.0061958556003705
2707 11.298 1.20139643579026 1 -0.00618427221514906
2708 11.298 1.19522372530476 1 -0.00617271048550228
2709 11.298 1.18906255493382 1 -0.00616117037094432
2710 11.298 1.18291290310275 1 -0.00614965183106464
2711 11.298 1.17677474827722 1 -0.00613815482552882
2712 11.298 1.17064806896315 1 -0.00612667931407751
2713 11.298 1.16453284370662 1 -0.00611522525652664
2714 11.298 1.15842905109385 1 -0.00610379261276761
2715 11.298 1.15233666975108 1 -0.00609238134276624
2716 11.298 1.14625567834452 1 -0.0060809914065636
2717 11.298 1.14018605558025 1 -0.00606962276427536
2718 11.298 1.13412778020415 1 -0.0060582753760916
2719 11.298 1.12808083100188 1 -0.00604694920227722
2720 11.298 1.12204518679871 1 -0.00603564420317104
2721 11.298 1.11602082645952 1 -0.0060243603391863
2722 11.298 1.11000772888871 1 -0.0060130975708097
2723 11.298 1.10400587303011 1 -0.00600185585860258
2724 11.298 1.09801523786691 1 -0.00599063516319931
2725 11.298 1.0920358024216 1 -0.00597943544530866
2726 11.298 1.08606754575589 1 -0.00596825666571199
2727 11.298 1.08011044697062 1 -0.0059570987852644
2728 11.298 1.07416448520573 1 -0.00594596176489426
2729 11.298 1.06822963964013 1 -0.00593484556560298
2730 11.298 1.06230588949166 1 -0.00592375014846436
2731 11.298 1.05639321401704 1 -0.00591267547462571
2732 11.298 1.05049159251173 1 -0.00590162150530671
2733 11.298 1.04460100430993 1 -0.00589058820179944
2734 11.298 1.03872142878446 1 -0.00587957552546814
2735 11.298 1.03285284534671 1 -0.00586858343774965
2736 11.298 1.02699523344656 1 -0.00585761190015299
2737 11.298 1.0211485725723 1 -0.00584666087425867
2738 11.298 1.01531284225058 1 -0.00583573032171936
2739 11.298 1.00948802204632 1 -0.00582482020425945
2740 11.298 1.00367409156265 1 -0.00581393048367485
2741 11.298 0.997871030440814 1 -0.0058030611218326
2742 11.298 0.992078818360142 1 -0.00579221208067127
2743 11.298 0.986297435037942 1 -0.00578138332220079
2744 11.298 0.98052686022944 1 -0.00577057480850185
2745 11.298 0.974767073727714 1 -0.00575978650172593
2746 11.298 0.969018055363618 1 -0.00574901836409558
2747 11.298 0.963279785005714 1 -0.00573827035790386
2748 11.298 0.9575522425602 1 -0.0057275424455141
2749 11.298 0.95183540797084 1 -0.00571683458936034
2750 11.298 0.946129261218893 1 -0.00570614675194658
2751 11.298 0.940433782323046 1 -0.00569547889584721
2752 11.298 0.93474895133934 1 -0.0056848309837062
2753 11.298 0.929074748361102 1 -0.00567420297823773
2754 11.298 0.923411153518877 1 -0.00566359484222534
2755 11.298 0.917758146980354 1 -0.00565300653852252
2756 11.298 0.912115708950302 1 -0.00564243803005204
2757 11.298 0.906483819670497 1 -0.00563188927980585
2758 11.298 0.900862459419651 1 -0.00562136025084514
2759 11.298 0.895251608513351 1 -0.00561085090630042
2760 11.298 0.88965124730398 1 -0.0056003612093708
2761 11.298 0.884061356180656 1 -0.00558989112332442
2762 11.298 0.878481915569158 1 -0.00557944061149784
2763 11.298 0.872912905931861 1 -0.00556900963729645
2764 11.298 0.867354307767668 1 -0.00555859816419391
2765 11.298 0.861806101611935 1 -0.00554820615573215
2766 11.298 0.856268268036414 1 -0.00553783357552129
2767 11.298 0.850740787649174 1 -0.0055274803872396
2768 11.298 0.845223641094542 1 -0.00551714655463298
2769 11.298 0.839716809053026 1 -0.00550683204151525
2770 11.298 0.834220272241258 1 -0.00549653681176798
2771 11.298 0.828734011411918 1 -0.00548626082934023
2772 11.298 0.82325800735367 1 -0.00547600405824844
2773 11.298 0.817792240891093 1 -0.00546576646257613
2774 11.298 0.812336692884619 1 -0.00545554800647419
2775 11.298 0.806891344230459 1 -0.00544534865416046
2776 11.298 0.801456175860539 1 -0.00543516836991975
2777 11.298 0.796031168742435 1 -0.00542500711810368
2778 11.298 0.790616303879305 1 -0.00541486486313014
2779 11.298 0.785211562309821 1 -0.00540474156948401
2780 11.298 0.779816925108105 1 -0.0053946372017164
2781 11.298 0.77443237338366 1 -0.00538455172444452
2782 11.298 0.769057888281308 1 -0.00537448510235206
2783 11.298 0.76369345098112 1 -0.00536443730018832
2784 11.298 0.758339042698351 1 -0.0053544082827689
2785 11.298 0.752994644683376 1 -0.0053443980149751
2786 11.298 0.747660238221622 1 -0.00533440646175354
2787 11.298 0.742335804633506 1 -0.00532443358811685
2788 11.298 0.737021325274363 1 -0.00531447935914264
2789 11.298 0.731716781534389 1 -0.00530454373997413
2790 11.298 0.726422154838569 1 -0.00529462669581959
2791 11.298 0.721137426646617 1 -0.00528472819195236
2792 11.298 0.715862578452906 1 -0.0052748481937106
2793 11.298 0.710597591786409 1 -0.00526498666649744
2794 11.298 0.705342448210628 1 -0.0052551435757805
2795 11.298 0.700097129323536 1 -0.00524531888709212
2796 11.298 0.694861616757507 1 -0.00523551256602894
2797 11.298 0.689635892179255 1 -0.00522572457825199
2798 11.298 0.684419937289769 1 -0.00521595488948667
2799 11.298 0.679213733824247 1 -0.00520620346552203
2800 11.298 0.674017263552035 1 -0.0051964702722116
2801 11.298 0.668830508276563 1 -0.0051867552754723
2802 11.298 0.663653449835278 1 -0.00517705844128513
2803 11.298 0.658486070099583 1 -0.00516737973569426
2804 11.298 0.653328350974775 1 -0.00515771912480789
2805 11.298 0.648180274399978 1 -0.00514807657479699
2806 11.298 0.643041822348082 1 -0.00513845205189634
2807 11.298 0.637912976825679 1 -0.00512884552240345
2808 11.298 0.632793719873 1 -0.0051192569526789
2809 11.298 0.627684033563853 1 -0.00510968630914632
2810 11.298 0.622583900005561 1 -0.00510013355829209
2811 11.298 0.617493301338896 1 -0.00509059866666506
2812 11.298 0.61241221973802 1 -0.00508108160087672
2813 11.298 0.607340637410418 1 -0.00507158232760119
2814 11.298 0.602278536596844 1 -0.00506210081357439
2815 11.298 0.597225899571249 1 -0.00505263702559489
2816 11.298 0.592182708640726 1 -0.0050431909305233
2817 11.298 0.587148946145444 1 -0.00503376249528187
2818 11.298 0.582124594458589 1 -0.00502435168685489
2819 11.298 0.5771096359863 1 -0.0050149584722885
2820 11.298 0.57210405316761 1 -0.00500558281869035
2821 11.298 0.567107828474381 1 -0.00499622469322925
2822 11.298 0.562120944411245 1 -0.00498688406313608
2823 11.298 0.557143383515543 1 -0.00497756089570223
2824 11.298 0.552175128357262 1 -0.00496825515828081
2825 11.298 0.547216161538976 1 -0.00495896681828578
2826 11.298 0.542266465695784 1 -0.00494969584319194
2827 11.298 0.537326023495249 1 -0.00494044220053491
2828 11.298 0.532394817637338 1 -0.00493120585791107
2829 11.298 0.527472830854361 1 -0.00492198678297728
2830 11.298 0.52256004591091 1 -0.00491278494345115
2831 11.298 0.517656445603799 1 -0.00490360030711035
2832 11.298 0.512762012762007 1 -0.0048944328417927
2833 11.298 0.50787673024661 1 -0.00488528251539655
2834 11.298 0.50300058095073 1 -0.00487614929587998
2835 11.298 0.498133547799469 1 -0.00486703315126102
2836 11.298 0.493275613749852 1 -0.00485793404961754
2837 11.298 0.488426761790765 1 -0.00484885195908696
2838 11.298 0.483586974942898 1 -0.0048397868478664
2839 11.298 0.478756236258686 1 -0.00483073868421247
2840 11.298 0.473934528822245 1 -0.004821707436441
2841 11.298 0.469121835749318 1 -0.00481269307292714
2842 11.298 0.464318140187212 1 -0.00480369556210514
2843 11.298 0.459523425314744 1 -0.00479471487246819
2844 11.298 0.454737674342176 1 -0.0047857509725685
2845 11.298 0.449960870511159 1 -0.00477680383101703
2846 11.298 0.445192997094675 1 -0.00476787341648344
2847 11.298 0.440434037396979 1 -0.00475895969769585
2848 11.298 0.435683974753538 1 -0.00475006264344108
2849 11.298 0.430942792530974 1 -0.00474118222256398
2850 11.298 0.426210474127006 1 -0.00473231840396798
2851 11.298 0.421487002970392 1 -0.00472347115661442
2852 11.298 0.416772362520869 1 -0.00471464044952274
2853 11.298 0.412066536269099 1 -0.0047058262517703
2854 11.298 0.407369507736607 1 -0.00469702853249226
2855 11.298 0.402681260475725 1 -0.00468824726088152
2856 11.298 0.398001778069537 1 -0.00467948240618854
2857 11.298 0.393331044131815 1 -0.00467073393772127
2858 11.298 0.38866904230697 1 -0.004662001824845
2859 11.298 0.384015756269988 1 -0.00465328603698245
2860 11.298 0.379371169726375 1 -0.00464458654361327
2861 11.298 0.3747352664121 1 -0.00463590331427433
2862 11.298 0.370108030093541 1 -0.00462723631855949
2863 11.298 0.365489444567421 1 -0.00461858552611927
2864 11.298 0.36087949366076 1 -0.00460995090666111
2865 11.298 0.356278161230811 1 -0.00460133242994892
2866 11.298 0.351685431165008 1 -0.00459273006580335
2867 11.298 0.347101287380907 1 -0.00458414378410127
2868 11.298 0.342525713826131 1 -0.004575573554776
2869 11.298 0.337958694478314 1 -0.004567019347817
2870 11.298 0.333400213345044 1 -0.00455848113326979
2871 11.298 0.328850254463808 1 -0.00454995888123605
2872 11.298 0.324308801901935 1 -0.00454145256187316
2873 11.298 0.31977583975654 1 -0.0045329621453945
2874 11.298 0.315251352154471 1 -0.00452448760206897
2875 11.298 0.31073532325225 1 -0.00451602890222108
2876 11.298 0.306227737236019 1 -0.00450758601623091
2877 11.298 0.301728578321485 1 -0.0044991589145339
2878 11.298 0.297237830753865 1 -0.00449074756762058
2879 11.298 0.292755478807828 1 -0.00448235194603691
2880 11.298 0.288281506787444 1 -0.00447397202038374
2881 11.298 0.283815899026127 1 -0.00446560776131699
2882 11.298 0.27935863988658 1 -0.00445725913954731
2883 11.298 0.27490971376074 1 -0.00444892612584019
2884 11.298 0.270469105069724 1 -0.00444060869101587
2885 11.298 0.266036798263775 1 -0.00443230680594892
2886 11.298 0.261612777822206 1 -0.00442402044156859
2887 11.298 0.257197028253348 1 -0.00441574956885826
2888 11.298 0.252789534094492 1 -0.00440749415885577
2889 11.298 0.248390279911839 1 -0.00439925418265297
2890 11.298 0.243999250300444 1 -0.00439102961139579
2891 11.298 0.23961642988416 1 -0.00438282041628407
2892 11.298 0.235241803315588 1 -0.0043746265685716
2893 11.298 0.230875355276022 1 -0.00436644803956576
2894 11.298 0.226517070475394 1 -0.00435828480062772
2895 11.298 0.222166933652222 1 -0.00435013682317206
2896 11.298 0.217824929573555 1 -0.00434200407866692
2897 11.298 0.213491043034922 1 -0.00433388653863367
2898 11.298 0.209165258860275 1 -0.00432578417464705
2899 11.298 0.20484756190194 1 -0.00431769695833481
2900 11.298 0.200537937040562 1 -0.00430962486137784
2901 11.298 0.196236369185052 1 -0.00430156785550989
2902 11.298 0.191942843272535 1 -0.00429352591251767
2903 11.298 0.187657344268294 1 -0.0042854990042405
2904 11.298 0.183379857165724 1 -0.00427748710257042
2905 11.298 0.179110366986272 1 -0.00426949017945205
2906 11.298 0.174848858779389 1 -0.00426150820688243
2907 11.298 0.170595317622478 1 -0.0042535411569109
2908 11.298 0.166349728620839 1 -0.00424558900163913
2909 11.298 0.162112076907618 1 -0.00423765171322094
2910 11.298 0.157882347643756 1 -0.00422972926386214
2911 11.298 0.153660526017935 1 -0.00422182162582055
2912 11.298 0.14944659724653 1 -0.00421392877140592
2913 11.298 0.14524054657355 1 -0.00420605067297963
2914 11.298 0.141042359270595 1 -0.00419818730295485
2915 11.298 0.136852020636799 1 -0.00419033863379625
2916 11.298 0.132669515998779 1 -0.00418250463802003
2917 11.298 0.128494830710585 1 -0.00417468528819373
2918 11.298 0.124327950153649 1 -0.00416688055693623
2919 11.298 0.120168859736731 1 -0.00415909041691752
2920 11.298 0.116017544895873 1 -0.00415131484085876
2921 11.298 0.11187399109434 1 -0.00414355380153207
2922 11.298 0.10773818382258 1 -0.00413580727176048
2923 11.298 0.103610108598162 1 -0.00412807522441783
2924 11.298 0.0994897509657335 1 -0.00412035763242867
2925 11.298 0.0953770964969653 1 -0.0041126544687682
2926 11.298 0.0912721307905032 1 -0.00410496570646209
2927 11.298 0.0871748394719168 1 -0.00409729131858647
2928 11.298 0.083085208193649 1 -0.00408963127826779
2929 11.298 0.0790032226349662 1 -0.00408198555868278
2930 11.298 0.0749288685019079 1 -0.00407435413305827
2931 11.298 0.0708621315272367 1 -0.00406673697467116
2932 11.298 0.0668029974703884 1 -0.00405913405684834
2933 11.298 0.0627514521174219 1 -0.00405154535296651
2934 11.298 0.0587074812809697 1 -0.00404397083645219
2935 11.298 0.0546710708001882 1 -0.00403641048078154
2936 11.298 0.0506422065407078 1 -0.00402886425948035
2937 11.298 0.0466208743945839 1 -0.00402133214612389
2938 11.298 0.0426070602802471 1 -0.00401381411433681
2939 11.298 0.038600750142454 1 -0.00400631013779309
2940 11.298 0.0346019299522381 1 -0.00399882019021592
2941 11.298 0.0306105857068605 1 -0.00399134424537763
2942 11.298 0.0266267034297609 1 -0.00398388227709957
2943 11.298 0.0226502691705089 1 -0.00397643425925202
2944 11.298 0.0186812690047547 1 -0.00396900016575415
2945 11.298 0.0147196890341809 1 -0.00396157997057384
2946 11.298 0.0107655153864532 1 -0.00395417364772768
2947 11.298 0.00681873421517241 1 -0.00394678117128081
2948 11.298 0.00287933169982554 1 -0.00393940251534687
2949 11.298 0 1 -0.00287933169982554
2950 11.298 0 1 0
2951 11.298 0 1 0
2952 11.298 0 1 0
2953 11.298 0 1 0
2954 11.298 0 1 0
2955 11.298 0 1 0
2956 11.298 0 1 0
2957 11.298 0 1 0
2958 11.298 0 1 0
2959 11.298 0 1 0
2960 11.298 0 1 0
2961 11.298 0 1 0
2962 11.298 0 1 0
2963 11.298 0 1 0
2964 11.298 0 1 0
2965 11.298 0 1 0
2966 11.298 0 1 0
2967 11.298 0 1 0
2968 11.298 0 1 0
2969 11.298 0 1 0
2970 11.298 0 1 0
2971 11.298 0 1 0
2972 11.298 0 1 0
2973 11.298 0 1 0
2974 11.298 0 1 0
2975 11.298 0 1 0
2976 11.298 0 1 0
2977 11.298 0 1 0
2978 11.298 0 1 0
2979 11.298 0 1 0
2980 11.298 0 1 0
2981 11.298 0 1 0
2982 11.298 0 1 0
2983 11.298 0 1 0
2984 11.298 0 1 0
2985 11.298 0 1 0
2986 11.298 0 1 0
2987 11.298 0 1 0
2988 11.298 0 1 0
2989 11.298 0 1 0
2990 11.298 0 1 0
2991 11.298 0 1 0
2992 11.298 0 1 0
2993 11.298 0 1 0
2994 11.298 0 1 0
2995 11.298 0 1 0
2996 11.298 0 1 0
2997 11.298 0 1 0
2998 11.298 0 1 0
2999 11.298 0 1 0
3000 11.298 0 1 0
