"t" "Tt" "Vt" "dt" "Vdt"
2006 0.632 7.208 1 NA
2007 0.627 7.20766471753884 1 -0.000335282461164432
2008 0.637 7.20732621558105 1 -0.000338501957788395
2009 0.662 7.20697953367055 1 -0.000346681910500024
2010 0.697 7.20662122551341 1 -0.000358308157135667
2011 0.736 7.2062497420933 1 -0.00037148342010962
2012 0.774 7.20586520477319 1 -0.000384537320110567
2013 0.806 7.20546951674852 1 -0.000395688024674712
2014 0.834 7.20506395443445 1 -0.0004055623140653
2015 0.858 7.20464984461029 1 -0.000414109824165898
2016 0.881 7.20422746639488 1 -0.000422378215406916
2017 0.908 7.20379527181132 1 -0.000432194583560808
2018 0.936 7.2033527813695 1 -0.000442490441814769
2019 0.965 7.20289950307266 1 -0.000453278296843607
2020 1.002 7.202432261715 1 -0.000467241357663184
2021 1.048 7.20194736024702 1 -0.000484901467975085
2022 1.096 7.20144369205841 1 -0.000503668188610362
2023 1.141 7.20092212393843 1 -0.000521568119979499
2024 1.183 7.20038358359571 1 -0.000538540342716942
2025 1.22 7.19982988542333 1 -0.000553698172387485
2026 1.254 7.19926208753157 1 -0.000567797891751987
2027 1.288 7.19868001957434 1 -0.000582067957233257
2028 1.325 7.1980822203146 1 -0.000597799259737464
2029 1.364 7.19746761531137 1 -0.000614605003239177
2030 1.405 7.19683509524434 1 -0.000632520067025411
2031 1.454 7.19618081717931 1 -0.000654278065032265
2032 1.514 7.19549938593381 1 -0.000681431245498132
2033 1.572 7.19479120239112 1 -0.000708183542690755
2034 1.629 7.19405624375213 1 -0.00073495863898998
2035 1.683 7.19329548224019 1 -0.000760761511942931
2036 1.732 7.19251094696663 1 -0.000784535273552045
2037 1.777 7.1917042788393 1 -0.000806668127330212
2038 1.824 7.19087416904793 1 -0.000830109791377431
2039 1.87 7.19002080492326 1 -0.000853364124662193
2040 1.918 7.18914283630831 1 -0.000877968614952707
2041 1.964 7.18824097774372 1 -0.000901858564594349
2042 2.019 7.18731011120242 1 -0.000930866541295927
2043 2.08 7.18634652955006 1 -0.000963581652359657
2044 2.139 7.18535078941471 1 -0.000995740135351753
2045 2.196 7.1843235007646 1 -0.00102728865011414
2046 2.242 7.18327044595469 1 -0.00105305480990037
2047 2.279 7.18219648645774 1 -0.00107395949695466
2048 2.308 7.18110605417284 1 -0.00109043228489547
2049 2.339 7.17999786353514 1 -0.00110819063770151
2050 2.377 7.17886766108197 1 -0.00113020245316964
2051 2.422 7.17771107506339 1 -0.00115658601858826
2052 2.469 7.17652660651476 1 -0.00118446854862686
2053 2.526 7.17530783317379 1 -0.00121877334097054
2054 2.588 7.17405118047051 1 -0.00125665270327424
2055 2.654 7.17275356555666 1 -0.00129761491385327
2056 2.721 7.1714137087109 1 -0.00133985684576299
2057 2.784 7.1700335501924 1 -0.00138015851849893
2058 2.846 7.16861316782729 1 -0.00142038236510622
2059 2.92 7.16714397171773 1 -0.0014691961095572
2060 2.997 7.16562311407595 1 -0.00152085764178445
2061 3.082 7.16404417523981 1 -0.00157893883613625
2062 3.171 7.1624032631658 1 -0.00164091207401373
2063 3.259 7.16069993308842 1 -0.00170333007738499
2064 3.357 7.1589256995066 1 -0.00177423358181361
2065 3.448 7.15708439608802 1 -0.0018413034185798
2066 3.536 7.15517709494948 1 -0.00190730113854531
2067 3.62 7.15320576256728 1 -0.00197133238219749
2068 3.692 7.15117880722367 1 -0.00202695534360764
2069 3.756 7.14910184344965 1 -0.00207696377402034
2070 3.815 7.14697830263889 1 -0.00212354081075805
2071 3.869 7.14481174769325 1 -0.00216655494563955
2072 3.92 7.14260422242723 1 -0.0022075252660283
2073 3.968 7.14035783870522 1 -0.00224638372200747
2074 4.016 7.13807227101282 1 -0.00228556769239763
2075 4.073 7.13573961804145 1 -0.00233265297137297
2076 4.136 7.13335430825887 1 -0.00238530978257678
2077 4.201 7.13091405066882 1 -0.00244025759004796
2078 4.266 7.12841824016444 1 -0.00249581050438241
2079 4.328 7.12586891454384 1 -0.00254932562059551
2080 4.387 7.12326819460339 1 -0.0026007199404523
2081 4.446 7.12061558646694 1 -0.00265260813644819
2082 4.506 7.11790968996855 1 -0.00270589649839348
2083 4.57 7.11514633023419 1 -0.00276335973436126
2084 4.635 7.11232399920474 1 -0.0028223310294484
2085 4.703 7.10943928853382 1 -0.002884710670922
2086 4.779 7.1064839641534 1 -0.00295532438042212
2087 4.865 7.10344760292798 1 -0.00303636122541473
2088 4.95 7.10033011513052 1 -0.00311748779745979
2089 5.033 7.09713243577471 1 -0.00319767935580906
2090 5.111 7.0938585669844 1 -0.00327386879031444
2091 5.18 7.09051671552569 1 -0.00334185145870691
2092 5.244 7.08711129640588 1 -0.00340541911981695
2093 5.31 7.08363968285276 1 -0.00347161355311876
2094 5.375 7.08010230065866 1 -0.00353738219410005
2095 5.441 7.07649751305495 1 -0.0036047876037113
2096 5.505 7.07282682272311 1 -0.00367069033183576
2097 5.574 7.06908433203214 1 -0.00374249069097043
2098 5.652 7.065259684206 1 -0.00382464782614012
2099 5.727 7.0613552882276 1 -0.00390439597840242
2100 5.8 7.05737255393337 1 -0.00398273429422868
2101 5.869 7.05331517599628 1 -0.00405737793708827
2102 5.933 7.04918809022268 1 -0.0041270857736011
2103 5.996 7.04499186070491 1 -0.00419622951777043
2104 6.063 7.04072139028644 1 -0.00427047041846951
2105 6.131 7.03637491145137 1 -0.00434647883506756
2106 6.199 7.03195178649031 1 -0.00442312496106467
2107 6.267 7.02745137873928 1 -0.00450040775102334
2108 6.338 7.0228695164415 1 -0.00458186229778423
2109 6.414 7.01819955590292 1 -0.00466996053857649
2110 6.485 7.0134467028067 1 -0.00475285309621842
2111 6.552 7.00861510836374 1 -0.00483159444296
2112 6.611 7.00371391945049 1 -0.0049011889132542
2113 6.664 6.99875003400395 1 -0.0049638854465428
2114 6.715 6.99372555061769 1 -0.00502448338625427
2115 6.767 6.9886388867519 1 -0.00508666386579026
2116 6.823 6.98348468824313 1 -0.00515419850876864
2117 6.88 6.97826128184482 1 -0.00522340639831143
2118 6.941 6.97296316870707 1 -0.00529811313774786
2119 7.009 6.96758091382587 1 -0.00538225488120858
2120 7.084 6.96210487723289 1 -0.00547603659297735
2121 7.159 6.95653429331838 1 -0.0055705839145066
2122 7.23 6.95087363938467 1 -0.00566065393371584
2123 7.297 6.94512751694965 1 -0.00574612243501793
2124 7.358 6.93930330222401 1 -0.00582421472563865
2125 7.414 6.93340719240214 1 -0.00589610982186795
2126 7.471 6.92743743575508 1 -0.00596975664705646
2127 7.532 6.92138819512482 1 -0.00604924063026502
2128 7.601 6.91524807381741 1 -0.0061401213074106
2129 7.671 6.90901506456578 1 -0.00623300925163317
2130 7.748 6.9026788185685 1 -0.00633624599727334
2131 7.832 6.89622875562739 1 -0.00645006294111727
2132 7.907 6.88967661007763 1 -0.00655214554975903
2133 7.97 6.88303866472265 1 -0.00663794535497697
2134 8.017 6.87633722781844 1 -0.00670143690421021
2135 8.047 6.86959635108222 1 -0.00674087673621582
2136 8.068 6.86282883510402 1 -0.00676751597820768
2137 8.084 6.85604181451761 1 -0.00678702058640468
2138 8.106 6.84922665040842 1 -0.00681516410918714
2139 8.139 6.84236744688229 1 -0.00685920352613589
2140 8.18 6.83545250722269 1 -0.00691493965960266
2141 8.235 6.82846126897249 1 -0.0069912382501931
2142 8.303 6.82137431231098 1 -0.00708695666151637
2143 8.372 6.81418956109633 1 -0.00718475121464657
2144 8.44 6.80690788264034 1 -0.00728167845599348
2145 8.49 6.79955557411772 1 -0.0073523085226137
2146 8.524 6.79215631260717 1 -0.00739926151055137
2147 8.543 6.78473249168732 1 -0.00742382091985228
2148 8.554 6.77729609973903 1 -0.00743639194828383
2149 8.566 6.76984563066735 1 -0.00745046907168323
2150 8.585 6.7623705458627 1 -0.00747508480465076
2151 8.607 6.75486629415481 1 -0.00750425170788915
2152 8.643 6.74731166326554 1 -0.00755463088927399
2153 8.692 6.73968676040854 1 -0.00762490285699968
2154 8.749 6.73197907475561 1 -0.00770768565292723
2155 8.806 6.72418820440781 1 -0.00779087034780535
2156 8.859 6.71631992708048 1 -0.00786827732732043
2157 8.9 6.70839251546447 1 -0.0079274116160164
2158 8.931 6.70042133272977 1 -0.00797118273469799
2159 8.956 6.6924156322587 1 -0.00800570047106852
2160 8.974 6.6843862834352 1 -0.00802934882350392
2161 8.991 6.67633482728198 1 -0.00805145615321301
2162 9.005 6.66826593883466 1 -0.00806888844732701
2163 9.028 6.66016551195016 1 -0.00810042688449641
2164 9.06 6.65201936557977 1 -0.00814614637038957
2165 9.094 6.64382424453889 1 -0.00819512104087927
2166 9.126 6.63558319113194 1 -0.00824105340694814
2167 9.157 6.6272976878787 1 -0.00828550325324251
2168 9.188 6.61896764038178 1 -0.00833004749692279
2169 9.219 6.61059295450512 1 -0.00837468587666379
2170 9.249 6.60217513399372 1 -0.00841782051139273
2171 9.284 6.59370608255422 1 -0.00846905143950583
2172 9.317 6.58518888824326 1 -0.00851719431095432
2173 9.348 6.57662666495278 1 -0.00856222329048162
2174 9.383 6.56801285683725 1 -0.00861380811553314
2175 9.422 6.55934085380236 1 -0.00867200303488591
2176 9.455 6.55062025266604 1 -0.0087206011363179
2177 9.484 6.54185746711585 1 -0.0087627855501955
2178 9.506 6.53306385398283 1 -0.00879361313301796
2179 9.522 6.52424918937174 1 -0.00881466461108893
2180 9.536 6.51541673437681 1 -0.00883245499493412
2181 9.55 6.50656648215494 1 -0.00885025222186453
2182 9.571 6.49768694307931 1 -0.00887953907563421
2183 9.597 6.48876986616541 1 -0.00891707691389509
2184 9.627 6.4798086017471 1 -0.00896126441831235
2185 9.667 6.47078653347608 1 -0.00902206827102336
2186 9.711 6.46169685173412 1 -0.00908968174196012
2187 9.752 6.45254434279253 1 -0.00915250894159225
2188 9.79 6.44333384210814 1 -0.00921050068439033
2189 9.819 6.43408028403576 1 -0.00925355807237693
2190 9.836 6.42480373259751 1 -0.0092765514382469
2191 9.849 6.41551089008725 1 -0.00929284251026008
2192 9.859 6.4062067930383 1 -0.00930409704895574
2193 9.871 6.3968880803577 1 -0.00931871268059403
2194 9.885 6.38755138491881 1 -0.00933669543888715
2195 9.9 6.378195016469 1 -0.00935636844981502
2196 9.926 6.36880040719065 1 -0.00939460927835167
2197 9.96 6.35935396538737 1 -0.00944644180327714
2198 9.995 6.34985388243412 1 -0.00950008295325233
2199 10.026 6.34030684729496 1 -0.00954703513916311
2200 10.053 6.33071959556803 1 -0.00958725172692709
2201 10.072 6.32110573426436 1 -0.00961386130367181
2202 10.085 6.31147550139331 1 -0.00963023287104736
2203 10.098 6.30182889397524 1 -0.00964660741806433
2204 10.112 6.29216419681809 1 -0.00966469715715146
2205 10.126 6.28248140494964 1 -0.00968279186845233
2206 10.139 6.27278222893969 1 -0.00969917600995451
2207 10.162 6.26304948939941 1 -0.00973273954027931
2208 10.191 6.25327281838796 1 -0.00977667101144508
2209 10.218 6.24345559638642 1 -0.00981722200154511
2210 10.24 6.23360641030205 1 -0.00984918608436924
2211 10.253 6.22374080623306 1 -0.00986560406898462
2212 10.261 6.21386743801975 1 -0.00987336821331208
2213 10.264 6.20399496485789 1 -0.00987247316185602
2214 10.268 6.19412165693919 1 -0.00987330791870367
2215 10.277 6.18423885914236 1 -0.0098827977968341
2216 10.291 6.17433790876483 1 -0.00990095037752869
2217 10.31 6.16441012423621 1 -0.00992778452861565
2218 10.339 6.15443809733007 1 -0.00997202690614163
2219 10.374 6.14441129346268 1 -0.0100268038673912
2220 10.404 6.13433834131373 1 -0.0100729521489509
2221 10.422 6.12424018342648 1 -0.0100981578872537
2222 10.431 6.11413257499906 1 -0.0101076084274201
2223 10.433 6.10402778199362 1 -0.0101047930054321
2224 10.43 6.09393455789827 1 -0.0100932240953568
2225 10.431 6.08384589216565 1 -0.0100886657326198
2226 10.439 6.07374953140705 1 -0.0100963607585989
2227 10.452 6.06363671986651 1 -0.0101128115405364
2228 10.471 6.05349693100112 1 -0.0101397888653896
2229 10.498 6.04331608652723 1 -0.0101808444738909
2230 10.529 6.03308708186657 1 -0.0102290046606583
2231 10.554 6.02282043004724 1 -0.0102666518193297
2232 10.571 6.01253023180139 1 -0.0102901982458539
2233 10.579 6.0022323966029 1 -0.0102978351984842
2234 10.579 5.99194107483805 1 -0.0102913217648579
2235 10.579 5.98165626238703 1 -0.0102848124510126
2236 10.585 5.97136735205572 1 -0.0102889103313162
2237 10.598 5.96106196737021 1 -0.010305384685509
2238 10.617 5.95072948087153 1 -0.0103324864986805
2239 10.643 5.94035745483722 1 -0.0103720260343056
2240 10.673 5.92993872525726 1 -0.0104187295799587
2241 10.703 5.91947321738125 1 -0.0104655078760096
2242 10.724 5.90897693226752 1 -0.0104962851137316
2243 10.733 5.89847129192332 1 -0.0105056403441983
2244 10.736 5.88796701982458 1 -0.0105042720987401
2245 10.735 5.87747126038792 1 -0.0104957594366635
2246 10.738 5.86697686619215 1 -0.0104943941957671
2247 10.744 5.85647848124205 1 -0.010498384950103
2248 10.755 5.84596717587163 1 -0.0105113053704162
2249 10.773 5.83543043108429 1 -0.010536744787343
2250 10.79 5.82487002466719 1 -0.0105604064171017
2251 10.8 5.81429849540011 1 -0.0105715292670761
2252 10.807 5.80372122485437 1 -0.0105772705457436
2253 10.811 5.79314359587066 1 -0.0105776289837118
2254 10.813 5.78256919597198 1 -0.0105743998986805
2255 10.816 5.77199623218462 1 -0.0105729637873546
2256 10.82 5.76142291292699 1 -0.0105733192576354
2257 10.826 5.75084565469217 1 -0.0105772582348189
2258 10.832 5.74026446097209 1 -0.010581193720081
2259 10.837 5.72968112887135 1 -0.0105833321007349
2260 10.841 5.71909745500444 1 -0.0105836738669103
2261 10.842 5.70851882179363 1 -0.0105786332108151
2262 10.844 5.69794343397868 1 -0.010575387814943
2263 10.846 5.68737129098918 1 -0.0105721429895036
2264 10.849 5.67680059964404 1 -0.0105706913451362
2265 10.854 5.66622777532409 1 -0.0105728243199579
2266 10.861 5.65564923438947 1 -0.010578540934616
2267 10.866 5.6450685682043 1 -0.0105806661851746
2268 10.871 5.63448577969365 1 -0.0105827885106473
2269 10.875 5.62390266580752 1 -0.010583113886125
2270 10.878 5.61332102254759 1 -0.0105816432599388
2271 10.879 5.60274443807727 1 -0.0105765844703143
2272 10.878 5.59217649594648 1 -0.0105679421307885
2273 10.878 5.58161539714595 1 -0.0105610988005331
2274 10.881 5.5710557613404 1 -0.0105596358055529
2275 10.888 5.56049041974069 1 -0.0105653415997109
2276 10.897 5.54991578929608 1 -0.0105746304446068
2277 10.906 5.53933187337577 1 -0.0105839159203125
2278 10.914 5.52874047048422 1 -0.0105914028915439
2279 10.922 5.51814158434578 1 -0.0105988861384443
2280 10.928 5.50753881118704 1 -0.010602773158733
2281 10.935 5.49693035795715 1 -0.0106084532298949
2282 10.939 5.48632161917518 1 -0.0106087387819711
2283 10.943 5.47571259688275 1 -0.0106090222924315
2284 10.948 5.46510149621454 1 -0.0106111006682053
2285 10.951 5.45449191419161 1 -0.0106095820229326
2286 10.957 5.44387846053337 1 -0.0106134536582418
2287 10.963 5.43326113873572 1 -0.0106173217976471
2288 10.965 5.42264714315017 1 -0.0106139955855484
2289 10.965 5.41204006719825 1 -0.0106070759519188
2290 10.963 5.40144349875358 1 -0.0105965684446732
2291 10.963 5.3908538375144 1 -0.0105896612391829
2292 10.965 5.38026748872645 1 -0.0105863487879496
2293 10.969 5.36968086136381 1 -0.0105866273626365
2294 10.974 5.35909216196032 1 -0.0105886994034945
2295 10.983 5.34849420904461 1 -0.0105979529157034
2296 10.993 5.33788520872672 1 -0.0106090003178974
2297 11 5.32727055816589 1 -0.0106146505608296
2298 11.004 5.31665565571125 1 -0.010614902454634
2299 11.006 5.30604409915476 1 -0.0106115565564906
2300 11.006 5.29543948254171 1 -0.0106046166130493
2301 11.005 5.2848435979234 1 -0.0105958846183123
2302 11.004 5.27425643837139 1 -0.0105871595520073
2303 11.005 5.26367440636866 1 -0.0105820320027341
2304 11.007 5.25309570433452 1 -0.0105787020341364
2305 11.01 5.24251853655466 1 -0.0105771677798598
2306 11.013 5.231942903861 1 -0.0105756326936577
2307 11.015 5.22137060198816 1 -0.0105723018728447
2308 11.017 5.21080163028124 1 -0.0105689717069195
2309 11.019 5.20023598808478 1 -0.0105656421964575
2310 11.021 5.18967367474275 1 -0.0105623133420352
2311 11.023 5.17911468959852 1 -0.0105589851442307
2312 11.027 5.16855544433421 1 -0.0105592452643064
2313 11.032 5.15799414682674 1 -0.0105612975074658
2314 11.036 5.1474325943142 1 -0.0105615525125486
2315 11.039 5.13687258307476 1 -0.0105600112394377
2316 11.041 5.12631590797301 1 -0.0105566751017516
2317 11.042 5.11576436200736 1 -0.0105515459656464
2318 11.041 5.10522152884091 1 -0.0105428331664479
2319 11.041 5.09468560924687 1 -0.0105359195940471
2320 11.042 5.08415480677043 1 -0.0105308024764375
2321 11.044 5.07362732727207 1 -0.0105274794983625
2322 11.046 5.06310317008815 1 -0.0105241571839185
2323 11.049 5.05258054316601 1 -0.0105226269221381
2324 11.052 5.04205944732071 1 -0.0105210958452968
2325 11.053 5.0315434656856 1 -0.0105159816351161
2326 11.054 5.02103259581179 1 -0.010510869873805
2327 11.054 5.01052862542811 1 -0.0105039703836809
2328 11.054 5.00003155000563 1 -0.0104970754224842
2329 11.056 4.9895377866279 1 -0.0104937633777267
2330 11.058 4.97904733462968 1 -0.0104904519982183
2331 11.063 4.96855482598356 1 -0.0104925086461227
2332 11.068 4.95806026354627 1 -0.0104945624372874
2333 11.073 4.94756365017423 1 -0.0104966133720383
2334 11.076 4.93706856847632 1 -0.0104950816979121
2335 11.078 4.92657680883089 1 -0.0104917596454257
2336 11.079 4.91609015975957 1 -0.0104866490713196
2337 11.079 4.9056104074759 1 -0.0104797522836737
2338 11.078 4.89513933543519 1 -0.0104710720407137
2339 11.078 4.88467514941045 1 -0.010464186024735
2340 11.077 4.87421963165963 1 -0.0104555177508177
2341 11.079 4.86376741649854 1 -0.0104522151610951
2342 11.082 4.85331671691798 1 -0.0104506995805638
2343 11.084 4.84286931998333 1 -0.0104473969346426
2344 11.089 4.8324198664453 1 -0.0104494535380359
2345 11.092 4.82197193213488 1 -0.0104479343104167
2346 11.096 4.81152373150028 1 -0.0104482006345981
2347 11.098 4.80107883920979 1 -0.0104448922904883
2348 11.1 4.79063725458376 1 -0.0104415846260322
2349 11.103 4.78019719111393 1 -0.0104400634698294
2350 11.105 4.76976043534783 1 -0.0104367557661016
2351 11.109 4.75932341538795 1 -0.0104370199598813
2352 11.109 4.74889327533673 1 -0.0104301400512181
2353 11.11 4.73846822587518 1 -0.0104250494615519
2354 11.11 4.7280500489563 1 -0.0104181769188845
2355 11.109 4.71764052378418 1 -0.0104095251721166
2356 11.109 4.70723786039662 1 -0.0104026633875556
2357 11.111 4.69683848874523 1 -0.0103993716513937
2358 11.113 4.68644240814996 1 -0.0103960805952683
2359 11.116 4.67604783538384 1 -0.0103945727661214
2360 11.121 4.66565120582746 1 -0.0103966295563795
2361 11.127 4.65525073913446 1 -0.0104004666930004
2362 11.131 4.64485000561839 1 -0.010400733516069
2363 11.136 4.63444722375454 1 -0.0104027818638484
2364 11.138 4.62404774701665 1 -0.0103994767378977
2365 11.139 4.61365335774126 1 -0.0103943892753895
2366 11.14 4.6032640534628 1 -0.0103893042784602
2367 11.139 4.592883395835 1 -0.0103806576277981
2368 11.139 4.5825095966384 1 -0.0103737991965982
2369 11.141 4.57213908931262 1 -0.0103705073257752
2370 11.143 4.56177187316676 1 -0.0103672161458608
2371 11.144 4.55140972815958 1 -0.0103621450071811
2372 11.145 4.54105265183176 1 -0.0103570763278196
2373 11.149 4.53069530154391 1 -0.0103573502878485
2374 11.152 4.52033945952578 1 -0.0103558420181322
2375 11.154 4.50998690662341 1 -0.0103525529023711
2376 11.157 4.49963586228629 1 -0.0103510443371233
2377 11.159 4.48928810707134 1 -0.0103477552149513
2378 11.161 4.4789436402819 1 -0.0103444667894319
2379 11.163 4.46860246122081 1 -0.0103411790610988
2380 11.166 4.45826279005872 1 -0.0103396711620825
2381 11.168 4.44792640662542 1 -0.0103363834333043
2382 11.171 4.43759153137549 1 -0.0103348752499262
2383 11.171 4.42726350095559 1 -0.0103280304198989
2384 11.174 4.41693697650891 1 -0.0103265244466835
2385 11.176 4.40661373698979 1 -0.0103232395191215
2386 11.177 4.39629555952004 1 -0.0103181774697534
2387 11.179 4.38598066417844 1 -0.010314895341593
2388 11.181 4.37566905026306 1 -0.0103116139153787
2389 11.185 4.36535716257672 1 -0.0103118876863384
2390 11.187 4.35504855770188 1 -0.0103086048748455
2391 11.189 4.34474323493354 1 -0.0103053227683407
2392 11.191 4.33444119356619 1 -0.0103020413673471
2393 11.192 4.32414420934948 1 -0.0102969842167155
2394 11.195 4.31384872748679 1 -0.0102954818626859
2395 11.197 4.30355652490603 1 -0.0102922025807599
2396 11.198 4.29326937670671 1 -0.0102871481993247
2397 11.2 4.28298550497898 1 -0.010283871727724
2398 11.202 4.27270490901495 1 -0.0102805959640317
2399 11.203 4.26242936311538 1 -0.0102755458995647
2400 11.205 4.2521570901682 1 -0.0102722729471836
2401 11.206 4.2418898638926 1 -0.0102672262756034
2402 11.208 4.231625907758 1 -0.0102639561346027
2403 11.209 4.22136699490285 1 -0.0102589128551402
2404 11.21 4.21111312285938 1 -0.0102538720434771
2405 11.211 4.20086428916064 1 -0.0102488336987347
2406 11.211 4.1906222639417 1 -0.0102420252189424
2407 11.214 4.18038172596988 1 -0.0102405379718178
2408 11.216 4.17014444831605 1 -0.0102372776538378
2409 11.219 4.15990865815916 1 -0.0102357901568872
2410 11.221 4.14967612829261 1 -0.01023252986655
2411 11.227 4.13943976975307 1 -0.0102363585395375
2412 11.229 4.12920667564827 1 -0.0102330941048052
2413 11.232 4.11897507324899 1 -0.0102316023992772
2414 11.233 4.10874850704755 1 -0.0102265662014354
2415 11.234 4.09852697457152 1 -0.0102215324760291
2416 11.236 4.08830870227532 1 -0.010218272296207
2417 11.234 4.07810077198348 1 -0.0102079302918403
2418 11.234 4.0678996348166 1 -0.0102011371668791
2419 11.235 4.05770351687266 1 -0.0101961179439378
2420 11.236 4.04751241568695 1 -0.0101911011857094
2421 11.236 4.03732809745281 1 -0.0101843182341419
2422 11.239 4.02714525276905 1 -0.0101828446837589
2423 11.241 4.01696565075823 1 -0.0101796020108162
2424 11.242 4.00679105873281 1 -0.0101745920254235
2425 11.245 3.99661793875033 1 -0.0101731199824826
2426 11.247 3.98644805930039 1 -0.0101698794499363
2427 11.251 3.97627788442425 1 -0.0101701748761451
2428 11.255 3.96610741599796 1 -0.0101704684262809
2429 11.257 3.95594019150902 1 -0.0101672244889399
2430 11.256 3.94578151189518 1 -0.0101586796138413
2431 11.256 3.93562960388085 1 -0.0101519080143335
2432 11.254 3.92548799459035 1 -0.0101416092904958
2433 11.252 3.91535667451276 1 -0.0101313200775959
2434 11.251 3.90523387002749 1 -0.0101228044852704
2435 11.25 3.89511957428982 1 -0.0101142957376688
2436 11.25 3.88501201751145 1 -0.0101075567783648
2437 11.252 3.87490766986804 1 -0.0101043476434159
2438 11.256 3.86480300512665 1 -0.0101046647413874
2439 11.261 3.85469626206701 1 -0.0101067430596431
2440 11.267 3.8445856799048 1 -0.0101105821622061
2441 11.27 3.83447655305468 1 -0.0101091268501254
2442 11.272 3.82437064560986 1 -0.0101059074448115
2443 11.272 3.81427148272661 1 -0.0100991628832512
2444 11.27 3.80418258415673 1 -0.010088898569887
2445 11.27 3.79410041778121 1 -0.0100821663755171
2446 11.267 3.78403026130876 1 -0.0100701564724459
2447 11.264 3.77397210232491 1 -0.0100581589838566
2448 11.262 3.76392416976544 1 -0.0100479325594627
2449 11.261 3.75388469617572 1 -0.0100394735897202
2450 11.262 3.74385015959927 1 -0.0100345365764536
2451 11.264 3.73381880015387 1 -0.0100313594453958
2452 11.268 3.72378710219084 1 -0.0100316979630319
2453 11.27 3.71375858270327 1 -0.0100285194875731
2454 11.276 3.70372621090518 1 -0.010032371798093
2455 11.279 3.69369526398081 1 -0.0100309469243691
2456 11.284 3.68366222691079 1 -0.0100330370700168
2457 11.29 3.67362534402001 1 -0.0100368828907769
2458 11.291 3.66359341072693 1 -0.0100319332930789
2459 11.292 3.65356642458269 1 -0.0100269861442399
2460 11.288 3.64355316804894 1 -0.0100132565337585
2461 11.285 3.63355186992866 1 -0.0100012981202751
2462 11.282 3.62356251785171 1 -0.00998935207695384
2463 11.28 3.61358334565104 1 -0.00997917220067102
2464 11.276 3.60361784977576 1 -0.00996549587527751
2465 11.275 3.59366075896212 1 -0.00995709081363616
2466 11.278 3.58370505933803 1 -0.00995569962409082
2467 11.281 3.57375075162252 1 -0.0099543077155082
2468 11.286 3.56379433226598 1 -0.00995641935654179
2469 11.29 3.55383755637826 1 -0.00995677588772059
2470 11.295 3.54387867322491 1 -0.00995888315335325
2471 11.298 3.53392119094039 1 -0.00995748228452165
2472 11.299 3.52396861502446 1 -0.00995257591592402
2473 11.3 3.5140209430472 1 -0.00994767197726087
2474 11.296 3.50408692840865 1 -0.00993401463855381
2475 11.294 3.4941630558879 1 -0.00992387252075266
2476 11.289 3.48425456297637 1 -0.00990849291152207
2477 11.285 3.47435968307675 1 -0.00989487989962035
2478 11.281 3.46447840069154 1 -0.00988128238521346
2479 11.278 3.45460895484094 1 -0.0098694458506019
2480 11.274 3.44475307783127 1 -0.00985587700966439
2481 11.273 3.43490552341201 1 -0.00984755441926621
2482 11.275 3.42506105466075 1 -0.009844468751254
2483 11.279 3.41521618371159 1 -0.00984487094916364
2484 11.284 3.40536916845403 1 -0.00984701525755982
2485 11.293 3.39551303324469 1 -0.00985613520934203
2486 11.299 3.38565301738194 1 -0.00986001586274643
2487 11.307 3.37578563230558 1 -0.00986738507635909
2488 11.308 3.36592310442112 1 -0.00986252788445885
2489 11.309 3.35606543132025 1 -0.00985767310087393
2490 11.305 3.3462213334657 1 -0.0098440978545522
2491 11.3 3.33639253841346 1 -0.0098287950522411
2492 11.294 3.32658076882324 1 -0.00981176959021557
2493 11.286 3.31678948193399 1 -0.00979128688924735
2494 11.277 3.30702038456972 1 -0.00976909736427611
2495 11.27 3.29726996823984 1 -0.00975041632987939
2496 11.268 3.28752952984079 1 -0.00974043839904892
2497 11.27 3.27779211951167 1 -0.00973741032911946
2498 11.275 3.26805253008937 1 -0.00973958942230091
2499 11.286 3.25830034549061 1 -0.00975218459875427
2500 11.298 3.24853382850785 1 -0.00976651698276543
2501 11.298 3.23877384236332 1 -0.00975998614452722
2502 11.298 3.22902038268988 1 -0.00975345967343966
2503 11.298 3.2192734451233 1 -0.00974693756658196
2504 11.298 3.20953302530226 1 -0.00974041982103602
2505 11.298 3.19979911886838 1 -0.0097339064338855
2506 11.298 3.19007172146616 1 -0.00972739740221584
2507 11.298 3.18035082874305 1 -0.00972089272311427
2508 11.298 3.17063643634938 1 -0.00971439239367067
2509 11.298 3.1609285399384 1 -0.00970789641097625
2510 11.298 3.15122713516628 1 -0.00970140477212444
2511 11.298 3.14153221769207 1 -0.00969491747421092
2512 11.298 3.13184378317773 1 -0.00968843451433177
2513 11.298 3.12216182728815 1 -0.00968195588958709
2514 11.298 3.11248634569107 1 -0.00967548159707787
2515 11.298 3.10281733405716 1 -0.00966901163390732
2516 11.298 3.09315478805998 1 -0.00966254599717997
2517 11.298 3.08349870337598 1 -0.00965608468400259
2518 11.298 3.07384907568449 1 -0.00964962769148503
2519 11.298 3.06420590066776 1 -0.00964317501673673
2520 11.298 3.05456917401089 1 -0.00963672665687154
2521 11.298 3.04493889140188 1 -0.00963028260900378
2522 11.298 3.03531504853163 1 -0.00962384287024953
2523 11.298 3.0256976410939 1 -0.00961740743772799
2524 11.298 3.01608666478535 1 -0.00961097630855923
2525 11.298 3.00648211530548 1 -0.00960454947986555
2526 11.298 2.99688398835671 1 -0.00959812694877149
2527 11.298 2.9872922796443 1 -0.00959170871240334
2528 11.298 2.97770698487642 1 -0.00958529476788872
2529 11.298 2.96812809976406 1 -0.00957888511235838
2530 11.298 2.95855562002111 1 -0.00957247974294351
2531 11.298 2.94898954136434 1 -0.00956607865677839
2532 11.298 2.93942985951334 1 -0.00955968185099909
2533 11.298 2.92987657019059 1 -0.00955328932274302
2534 11.298 2.92032966912144 1 -0.00954690106914979
2535 11.298 2.91078915203408 1 -0.00954051708736126
2536 11.298 2.90125501465956 1 -0.00953413737452058
2537 11.298 2.89172725273179 1 -0.00952776192777272
2538 11.298 2.88220586198752 1 -0.00952139074426617
2539 11.298 2.87269083816637 1 -0.00951502382114899
2540 11.298 2.8631821770108 1 -0.00950866115557236
2541 11.298 2.85367987426611 1 -0.00950230274469011
2542 11.298 2.84418392568046 1 -0.00949594858565606
2543 11.298 2.83469432700483 1 -0.00948959867562804
2544 11.298 2.82521107399306 1 -0.00948325301176389
2545 11.298 2.81573416240184 1 -0.00947691159122499
2546 11.298 2.80626358799067 1 -0.00947057441117316
2547 11.298 2.79679934652189 1 -0.00946424146877289
2548 11.298 2.7873414337607 1 -0.0094579127611909
2549 11.298 2.77788984547511 1 -0.00945158828559522
2550 11.298 2.76844457743595 1 -0.00944526803915613
2551 11.298 2.75900562541691 1 -0.00943895201904477
2552 11.298 2.74957298519447 1 -0.00943264022243584
2553 11.298 2.74014665254796 1 -0.00942633264650494
2554 11.298 2.73072662325954 1 -0.00942002928842944
2555 11.298 2.72131289311415 1 -0.00941373014538893
2556 11.298 2.71190545789958 1 -0.00940743521456522
2557 11.298 2.70250431340644 1 -0.00940114449314144
2558 11.298 2.69310945542814 1 -0.00939485797830253
2559 11.298 2.6837208797609 1 -0.00938857566723561
2560 11.298 2.67433858220377 1 -0.0093822975571296
2561 11.298 2.6649625585586 1 -0.00937602364517565
2562 11.298 2.65559280463003 1 -0.0093697539285662
2563 11.298 2.64622931622553 1 -0.00936348840449597
2564 11.298 2.63687208915537 1 -0.0093572270701614
2565 11.298 2.62752111923261 1 -0.00935096992276074
2566 11.298 2.61817640227312 1 -0.00934471695949446
2567 11.298 2.60883793409555 1 -0.00933846817756434
2568 11.298 2.59950571052138 1 -0.0093322235741744
2569 11.298 2.59017972737485 1 -0.00932598314653044
2570 11.298 2.58085998048301 1 -0.00931974689184001
2571 11.298 2.5715464656757 1 -0.00931351480731335
2572 11.298 2.56223917878553 1 -0.00930728689016114
2573 11.298 2.55293811564794 1 -0.00930106313759715
2574 11.298 2.5436432721011 1 -0.00929484354683607
2575 11.298 2.53435464398601 1 -0.00928862811509523
2576 11.298 2.52507222714641 1 -0.0092824168395933
2577 11.298 2.51579601742886 1 -0.00927620971755116
2578 11.298 2.50652601068267 1 -0.00927000674619149
2579 11.298 2.49726220275993 1 -0.00926380792273873
2580 11.298 2.48800458951551 1 -0.00925761324441909
2581 11.298 2.47875316680705 1 -0.00925142270846102
2582 11.298 2.46950793049496 1 -0.00924523631209384
2583 11.298 2.46026887644241 1 -0.00923905405254999
2584 11.298 2.45103600051534 1 -0.00923287592706323
2585 11.298 2.44180929858247 1 -0.00922670193286868
2586 11.298 2.43258876651527 1 -0.00922053206720408
2587 11.298 2.42337440018796 1 -0.00921436632730854
2588 11.298 2.41416619547754 1 -0.00920820471042338
2589 11.298 2.40496414826375 1 -0.0092020472137917
2590 11.298 2.39576825442909 1 -0.00919589383465791
2591 11.298 2.38657850985882 1 -0.00918974457026867
2592 11.298 2.37739491044095 1 -0.00918359941787283
2593 11.298 2.36821745206623 1 -0.00917745837472017
2594 11.298 2.35904613062816 1 -0.0091713214380631
2595 11.298 2.34988094202301 1 -0.00916518860515625
2596 11.298 2.34072188214975 1 -0.00915905987325427
2597 11.298 2.33156894691014 1 -0.0091529352396158
2598 11.298 2.32242213220864 1 -0.00914681470149992
2599 11.298 2.31328143395247 1 -0.00914069825616792
2600 11.298 2.30414684805159 1 -0.0091345859008829
2601 11.298 2.29501837041868 1 -0.00912847763291014
2602 11.298 2.28589599696916 1 -0.00912237344951672
2603 11.298 2.27677972362119 1 -0.0091162733479706
2604 11.298 2.26766954629565 1 -0.00911017732554287
2605 11.298 2.25856546091614 1 -0.00910408537950547
2606 11.298 2.24946746340901 1 -0.00909799750713258
2607 11.298 2.24037554970331 1 -0.00909191370570017
2608 11.298 2.23128971573082 1 -0.00908583397248597
2609 11.298 2.22220995742605 1 -0.00907975830476948
2610 11.298 2.21313627072622 1 -0.00907368669983288
2611 11.298 2.20406865157126 1 -0.00906761915495835
2612 11.298 2.19500709590383 1 -0.00906155566743161
2613 11.298 2.18595159966929 1 -0.00905549623453927
2614 11.298 2.17690215881572 1 -0.00904944085357018
2615 11.298 2.16785876929391 1 -0.00904338952181449
2616 11.298 2.15882142705734 1 -0.00903734223656461
2617 11.298 2.14979012806223 1 -0.00903129899511512
2618 11.298 2.14076486826747 1 -0.00902525979476154
2619 11.298 2.13174564363466 1 -0.00901922463280158
2620 11.298 2.12273245012813 1 -0.00901319350653473
2621 11.298 2.11372528371487 1 -0.00900716641326271
2622 11.298 2.10472414036458 1 -0.00900114335028812
2623 11.298 2.09572901604966 1 -0.00899512431491623
2624 11.298 2.08673990674521 1 -0.00898910930445407
2625 11.298 2.077756808429 1 -0.00898309831620958
2626 11.298 2.0687797170815 1 -0.0089770913474938
2627 11.298 2.05980862868589 1 -0.00897108839561822
2628 11.298 2.05084353922799 1 -0.00896508945789742
2629 11.298 2.04188444469634 1 -0.00895909453164645
2630 11.298 2.03293134108216 1 -0.00895310361418344
2631 11.298 2.02398422437933 1 -0.00894711670282744
2632 11.298 2.01504309058443 1 -0.00894113379489969
2633 11.298 2.00610793569671 1 -0.00893515488772278
2634 11.298 1.99717875571809 1 -0.00892917997862219
2635 11.298 1.98825554665316 1 -0.00892320906492361
2636 11.298 1.97933830450921 1 -0.00891724214395584
2637 11.298 1.97042702529616 1 -0.0089112792130488
2638 11.298 1.96152170502662 1 -0.00890532026953417
2639 11.298 1.95262233971588 1 -0.00889936531074587
2640 11.298 1.94372892538186 1 -0.00889341433401913
2641 11.298 1.93484145804517 1 -0.00888746733669121
2642 11.298 1.92595993372907 1 -0.00888152431610112
2643 11.298 1.91708434845948 1 -0.00887558526958965
2644 11.298 1.90821469826498 1 -0.00886965019449937
2645 11.298 1.8993509791768 1 -0.0088637190881744
2646 11.298 1.89049318722884 1 -0.0088577919479611
2647 11.298 1.88164131845764 1 -0.00885186877120736
2648 11.298 1.87279536890237 1 -0.00884594955526263
2649 11.298 1.86395533460489 1 -0.00884003429747837
2650 11.298 1.85512121160969 1 -0.0088341229952078
2651 11.298 1.84629299596388 1 -0.00882821564580594
2652 11.298 1.83747068371725 1 -0.00882231224662955
2653 11.298 1.82865427092221 1 -0.00881641279503675
2654 11.298 1.81984375363383 1 -0.00881051728838833
2655 11.298 1.81103912790978 1 -0.00880462572404617
2656 11.298 1.80224038981041 1 -0.0087987380993737
2657 11.298 1.79344753539867 1 -0.00879285441173705
2658 11.298 1.78466056074017 1 -0.0087869746585032
2659 11.298 1.77587946190312 1 -0.00878109883704115
2660 11.298 1.7671042349584 1 -0.00877522694472188
2661 11.298 1.75833487597948 1 -0.00876935897891795
2662 11.298 1.74957138104248 1 -0.00876349493700368
2663 11.298 1.74081374622613 1 -0.00875763481635539
2664 11.298 1.73206196761177 1 -0.00875177861435072
2665 11.298 1.72331604128341 1 -0.00874592632836935
2666 11.298 1.71457596332761 1 -0.00874007795579246
2667 11.298 1.70584172983361 1 -0.00873423349400348
2668 11.298 1.69711333689322 1 -0.00872839294038719
2669 11.298 1.68839078060089 1 -0.0087225562923301
2670 11.298 1.67967405705367 1 -0.00871672354722075
2671 11.298 1.67096316235122 1 -0.00871089470244901
2672 11.298 1.66225809259582 1 -0.00870506975540697
2673 11.298 1.65355884389233 1 -0.00869924870348804
2674 11.298 1.64486541234824 1 -0.00869343154408764
2675 11.298 1.63617779407364 1 -0.00868761827460296
2676 11.298 1.6274959851812 1 -0.00868180889243275
2677 11.298 1.61881998178623 1 -0.00867600339497754
2678 11.298 1.61014978000659 1 -0.00867020177963962
2679 11.298 1.60148537596276 1 -0.00866440404382307
2680 11.298 1.59282676577783 1 -0.00865861018493352
2681 11.298 1.58417394557745 1 -0.00865282020037883
2682 11.298 1.57552691148988 1 -0.00864703408756795
2683 11.298 1.56688565964597 1 -0.00864125184391207
2684 11.298 1.55825018617915 1 -0.0086354734668237
2685 11.298 1.54962048722543 1 -0.00862969895371712
2686 11.298 1.54099655892342 1 -0.00862392830200909
2687 11.298 1.5323783974143 1 -0.00861816150911698
2688 11.298 1.52376599884184 1 -0.00861239857246043
2689 11.298 1.51515935935238 1 -0.00860663948946128
2690 11.298 1.50655847509484 1 -0.00860088425754202
2691 11.298 1.49796334222071 1 -0.00859513287412761
2692 11.298 1.48937395688407 1 -0.00858938533664477
2693 11.298 1.48079031524155 1 -0.00858364164252157
2694 11.298 1.47221241345236 1 -0.00857790178918805
2695 11.298 1.46364024767828 1 -0.00857216577407582
2696 11.298 1.45507381408366 1 -0.00856643359461828
2697 11.298 1.44651310883541 1 -0.00856070524825059
2698 11.298 1.437958128103 1 -0.00855498073240968
2699 11.298 1.42940886805847 1 -0.00854926004453382
2700 11.298 1.42086532487641 1 -0.0085435431820633
2701 11.298 1.41232749473397 1 -0.00853783014244014
2702 11.298 1.40379537381086 1 -0.00853212092310818
2703 11.298 1.39526895828935 1 -0.00852641552151279
2704 11.298 1.38674824435425 1 -0.00852071393510068
2705 11.298 1.37823322819292 1 -0.008515016161321
2706 11.298 1.3697239059953 1 -0.00850932219762424
2707 11.298 1.36122027395384 1 -0.00850363204146265
2708 11.298 1.35272232826355 1 -0.00849794569028983
2709 11.298 1.34423006512199 1 -0.00849226314156182
2710 11.298 1.33574348072925 1 -0.00848658439273553
2711 11.298 1.32726257128798 1 -0.00848090944127011
2712 11.298 1.31878733300335 1 -0.00847523828462649
2713 11.298 1.31031776208309 1 -0.0084695709202669
2714 11.298 1.30185385473743 1 -0.00846390734565539
2715 11.298 1.29339560717917 1 -0.00845824755825797
2716 11.298 1.28494301562363 1 -0.00845259155554201
2717 11.298 1.27649607628866 1 -0.00844693933497664
2718 11.298 1.26805478539462 1 -0.008441290894033
2719 11.298 1.25961913916444 1 -0.00843564623018334
2720 11.298 1.25118913382354 1 -0.0084300053409021
2721 11.298 1.24276476559987 1 -0.00842436822366532
2722 11.298 1.23434603072392 1 -0.00841873487595057
2723 11.298 1.22593292542868 1 -0.00841310529523698
2724 11.298 1.21752544594968 1 -0.00840747947900589
2725 11.298 1.20912358852494 1 -0.00840185742473998
2726 11.298 1.20072734939501 1 -0.00839623912992349
2727 11.298 1.19233672480297 1 -0.00839062459204243
2728 11.298 1.18395171099439 1 -0.00838501380858458
2729 11.298 1.17557230421735 1 -0.00837940677703952
2730 11.298 1.16719850072245 1 -0.00837380349489836
2731 11.298 1.1588302967628 1 -0.00836820395965376
2732 11.298 1.150467688594 1 -0.00836260816880019
2733 11.298 1.14211067247416 1 -0.00835701611983386
2734 11.298 1.13375924466391 1 -0.00835142781025233
2735 11.298 1.12541340142635 1 -0.00834584323755561
2736 11.298 1.11707313902711 1 -0.00834026239924435
2737 11.298 1.10873845373429 1 -0.00833468529282166
2738 11.298 1.1004093418185 1 -0.00832911191579178
2739 11.298 1.09208579955283 1 -0.00832354226566134
2740 11.298 1.0837678232129 1 -0.00831797633993769
2741 11.298 1.07545540907677 1 -0.0083124141361306
2742 11.298 1.06714855342502 1 -0.00830685565175115
2743 11.298 1.0588472525407 1 -0.00830130088431202
2744 11.298 1.05055150270938 1 -0.00829574983132808
2745 11.298 1.04226130021906 1 -0.00829020249031509
2746 11.298 1.03397664136027 1 -0.00828465885879126
2747 11.298 1.02569752242599 1 -0.00827911893427569
2748 11.298 1.0174239397117 1 -0.00827358271428968
2749 11.298 1.00915588951535 1 -0.00826805019635612
2750 11.298 1.00089336813735 1 -0.00826252137799921
2751 11.298 0.992636371880603 1 -0.00825699625674536
2752 11.298 0.984384897050481 1 -0.00825147483012212
2753 11.298 0.976138939954822 1 -0.00824595709565901
2754 11.298 0.967898496903935 1 -0.008240443050887
2755 11.298 0.959663564210596 1 -0.00823493269333886
2756 11.298 0.951434138190047 1 -0.00822942602054888
2757 11.298 0.943210215159994 1 -0.00822392303005326
2758 11.298 0.934991791440604 1 -0.00821842371938941
2759 11.298 0.926778863354507 1 -0.00821292808609686
2760 11.298 0.918571427226791 1 -0.00820743612771646
2761 11.298 0.910369479385 1 -0.00820194784179085
2762 11.298 0.902173016159136 1 -0.0081964632258642
2763 11.298 0.893982033881654 1 -0.00819098227748238
2764 11.298 0.885796528887461 1 -0.00818550499419302
2765 11.298 0.877616497513915 1 -0.00818003137354528
2766 11.298 0.869441936100825 1 -0.00817456141308992
2767 11.298 0.861272840990446 1 -0.00816909511037933
2768 11.298 0.853109208527478 1 -0.0081636324629677
2769 11.298 0.844951035059068 1 -0.00815817346841052
2770 11.298 0.836798316934802 1 -0.00815271812426543
2771 11.298 0.828651050506711 1 -0.00814726642809127
2772 11.298 0.820509232129262 1 -0.00814181837744865
2773 11.298 0.812372858159363 1 -0.00813637396989986
2774 11.298 0.804241924956354 1 -0.00813093320300873
2775 11.298 0.796116428882013 1 -0.00812549607434077
2776 11.298 0.78799636630055 1 -0.00812006258146314
2777 11.298 0.779881733578605 1 -0.00811463272194457
2778 11.298 0.77177252708525 1 -0.00810920649335545
2779 11.298 0.763668743191982 1 -0.00810378389326771
2780 11.298 0.755570378272727 1 -0.0080983649192552
2781 11.298 0.747477428703834 1 -0.00809294956889295
2782 11.298 0.739389890864076 1 -0.00808753783975791
2783 11.298 0.731307761134647 1 -0.00808212972942868
2784 11.298 0.723231035899162 1 -0.0080767252354853
2785 11.298 0.715159711543653 1 -0.00807132435550939
2786 11.298 0.707093784456568 1 -0.00806592708708453
2787 11.298 0.699033251028773 1 -0.00806053342779545
2788 11.298 0.690978107653544 1 -0.00805514337522895
2789 11.298 0.682928350726571 1 -0.00804975692697307
2790 11.298 0.674883976645953 1 -0.00804437408061764
2791 11.298 0.666844981812199 1 -0.00803899483375414
2792 11.298 0.658811362628223 1 -0.0080336191839756
2793 11.298 0.650783115499347 1 -0.00802824712887662
2794 11.298 0.642760236833293 1 -0.00802287866605345
2795 11.298 0.634742723040189 1 -0.008017513793104
2796 11.298 0.626730570532562 1 -0.00801215250762766
2797 11.298 0.618723775725336 1 -0.00800679480722555
2798 11.298 0.610722335035836 1 -0.00800144068950037
2799 11.298 0.602726244883779 1 -0.00799609015205627
2800 11.298 0.59473550169128 1 -0.00799074319249926
2801 11.298 0.586750101882843 1 -0.00798539980843671
2802 11.298 0.578770041885366 1 -0.00798005999747786
2803 11.298 0.570795318128132 1 -0.00797472375723318
2804 11.298 0.562825927042817 1 -0.00796939108531514
2805 11.298 0.55486186506348 1 -0.00796406197933741
2806 11.298 0.546903128626564 1 -0.00795873643691569
2807 11.298 0.538949714170897 1 -0.00795341445566677
2808 11.298 0.531001618137688 1 -0.00794809603320956
2809 11.298 0.523058836970524 1 -0.00794278116716418
2810 11.298 0.515121367115371 1 -0.00793746985515253
2811 11.298 0.507189205020573 1 -0.00793216209479797
2812 11.298 0.499262347136848 1 -0.00792685788372555
2813 11.298 0.491340789917286 1 -0.00792155721956184
2814 11.298 0.483424529817351 1 -0.00791626009993512
2815 11.298 0.475513563294876 1 -0.00791096652247508
2816 11.298 0.467607886810062 1 -0.00790567648481316
2817 11.298 0.45970749682548 1 -0.00790038998458226
2818 11.298 0.451812389806063 1 -0.00789510701941692
2819 11.298 0.44392256221911 1 -0.00788982758695322
2820 11.298 0.436038010534281 1 -0.00788455168482893
2821 11.298 0.428158731223598 1 -0.00787927931068327
2822 11.298 0.420284720761441 1 -0.00787401046215713
2823 11.298 0.412415975624548 1 -0.0078687451368929
2824 11.298 0.404552492292013 1 -0.00786348333253456
2825 11.298 0.396694267245285 1 -0.00785822504672778
2826 11.298 0.388841296968166 1 -0.00785297027711968
2827 11.298 0.380993577946807 1 -0.00784771902135895
2828 11.298 0.373151106669711 1 -0.00784247127709592
2829 11.298 0.365313879627728 1 -0.00783722704198248
2830 11.298 0.357481893314056 1 -0.00783198631367199
2831 11.298 0.349655144224237 1 -0.00782674908981962
2832 11.298 0.341833628856155 1 -0.00782151536808179
2833 11.298 0.334017343710038 1 -0.00781628514611676
2834 11.298 0.326206285288454 1 -0.00781105842158419
2835 11.298 0.318400450096309 1 -0.00780583519214534
2836 11.298 0.310599834640846 1 -0.00780061545546312
2837 11.298 0.302804435431644 1 -0.00779539920920186
2838 11.298 0.295014248980616 1 -0.00779018645102758
2839 11.298 0.287229271802008 1 -0.00778497717860777
2840 11.298 0.279449500412397 1 -0.00777977138961156
2841 11.298 0.271674931330687 1 -0.00777456908170954
2842 11.298 0.263905561078113 1 -0.00776937025257396
2843 11.298 0.256141386178235 1 -0.00776417489987857
2844 11.298 0.248382403156936 1 -0.00775898302129868
2845 11.298 0.240628608542425 1 -0.00775379461451117
2846 11.298 0.23287999886523 1 -0.00774860967719446
2847 11.298 0.225136570658202 1 -0.0077434282070285
2848 11.298 0.217398320456507 1 -0.00773825020169486
2849 11.298 0.209665244797631 1 -0.00773307565887657
2850 11.298 0.201937340221372 1 -0.0077279045762583
2851 11.298 0.194214603269846 1 -0.00772273695152623
2852 11.298 0.186497030487478 1 -0.00771757278236804
2853 11.298 0.178784618421005 1 -0.00771241206647302
2854 11.298 0.171077363619473 1 -0.00770725480153198
2855 11.298 0.163375262634236 1 -0.0077021009852373
2856 11.298 0.155678312018953 1 -0.00769695061528286
2857 11.298 0.147986508329589 1 -0.00769180368936409
2858 11.298 0.140299848124411 1 -0.007686660205178
2859 11.298 0.132618327963988 1 -0.00768152016042312
2860 11.298 0.124941944411188 1 -0.0076763835527995
2861 11.298 0.117270694031179 1 -0.00767125038000874
2862 11.298 0.109604573391425 1 -0.00766612063975397
2863 11.298 0.101943579061686 1 -0.00766099432973988
2864 11.298 0.0942877076140129 1 -0.00765587144767269
2865 11.298 0.0866369556227528 1 -0.0076507519912601
2866 11.298 0.0789913196645413 1 -0.00764563595821142
2867 11.298 0.0713507963183039 1 -0.00764052334623747
2868 11.298 0.0637153821652533 1 -0.00763541415305055
2869 11.298 0.0560850737888888 1 -0.00763030837636455
2870 11.298 0.0484598677749939 1 -0.00762520601389487
2871 11.298 0.0408397607116355 1 -0.00762010706335843
2872 11.298 0.0332247491891618 1 -0.00761501152247368
2873 11.298 0.0256148298002012 1 -0.00760991938896059
2874 11.298 0.0180099991396605 1 -0.00760483066054068
2875 11.298 0.0104102538047235 1 -0.00759974533493695
2876 11.298 0.00281559039484958 1 -0.00759466340987397
2877 11.298 0 1 -0.00281559039484958
2878 11.298 0 1 0
2879 11.298 0 1 0
2880 11.298 0 1 0
2881 11.298 0 1 0
2882 11.298 0 1 0
2883 11.298 0 1 0
2884 11.298 0 1 0
2885 11.298 0 1 0
2886 11.298 0 1 0
2887 11.298 0 1 0
2888 11.298 0 1 0
2889 11.298 0 1 0
2890 11.298 0 1 0
2891 11.298 0 1 0
2892 11.298 0 1 0
2893 11.298 0 1 0
2894 11.298 0 1 0
2895 11.298 0 1 0
2896 11.298 0 1 0
2897 11.298 0 1 0
2898 11.298 0 1 0
2899 11.298 0 1 0
2900 11.298 0 1 0
2901 11.298 0 1 0
2902 11.298 0 1 0
2903 11.298 0 1 0
2904 11.298 0 1 0
2905 11.298 0 1 0
2906 11.298 0 1 0
2907 11.298 0 1 0
2908 11.298 0 1 0
2909 11.298 0 1 0
2910 11.298 0 1 0
2911 11.298 0 1 0
2912 11.298 0 1 0
2913 11.298 0 1 0
2914 11.298 0 1 0
2915 11.298 0 1 0
2916 11.298 0 1 0
2917 11.298 0 1 0
2918 11.298 0 1 0
2919 11.298 0 1 0
2920 11.298 0 1 0
2921 11.298 0 1 0
2922 11.298 0 1 0
2923 11.298 0 1 0
2924 11.298 0 1 0
2925 11.298 0 1 0
2926 11.298 0 1 0
2927 11.298 0 1 0
2928 11.298 0 1 0
2929 11.298 0 1 0
2930 11.298 0 1 0
2931 11.298 0 1 0
2932 11.298 0 1 0
2933 11.298 0 1 0
2934 11.298 0 1 0
2935 11.298 0 1 0
2936 11.298 0 1 0
2937 11.298 0 1 0
2938 11.298 0 1 0
2939 11.298 0 1 0
2940 11.298 0 1 0
2941 11.298 0 1 0
2942 11.298 0 1 0
2943 11.298 0 1 0
2944 11.298 0 1 0
2945 11.298 0 1 0
2946 11.298 0 1 0
2947 11.298 0 1 0
2948 11.298 0 1 0
2949 11.298 0 1 0
2950 11.298 0 1 0
2951 11.298 0 1 0
2952 11.298 0 1 0
2953 11.298 0 1 0
2954 11.298 0 1 0
2955 11.298 0 1 0
2956 11.298 0 1 0
2957 11.298 0 1 0
2958 11.298 0 1 0
2959 11.298 0 1 0
2960 11.298 0 1 0
2961 11.298 0 1 0
2962 11.298 0 1 0
2963 11.298 0 1 0
2964 11.298 0 1 0
2965 11.298 0 1 0
2966 11.298 0 1 0
2967 11.298 0 1 0
2968 11.298 0 1 0
2969 11.298 0 1 0
2970 11.298 0 1 0
2971 11.298 0 1 0
2972 11.298 0 1 0
2973 11.298 0 1 0
2974 11.298 0 1 0
2975 11.298 0 1 0
2976 11.298 0 1 0
2977 11.298 0 1 0
2978 11.298 0 1 0
2979 11.298 0 1 0
2980 11.298 0 1 0
2981 11.298 0 1 0
2982 11.298 0 1 0
2983 11.298 0 1 0
2984 11.298 0 1 0
2985 11.298 0 1 0
2986 11.298 0 1 0
2987 11.298 0 1 0
2988 11.298 0 1 0
2989 11.298 0 1 0
2990 11.298 0 1 0
2991 11.298 0 1 0
2992 11.298 0 1 0
2993 11.298 0 1 0
2994 11.298 0 1 0
2995 11.298 0 1 0
2996 11.298 0 1 0
2997 11.298 0 1 0
2998 11.298 0 1 0
2999 11.298 0 1 0
3000 11.298 0 1 0
